2014-10-30,1.0000,1.0000,0%,封闭期,封闭期
2014-10-31,1.0000,1.0000,0.00%,封闭期,封闭期
2014-11-07,1.0010,1.0010,0%,封闭期,封闭期
2014-11-14,1.0010,1.0010,0%,封闭期,封闭期
2014-11-21,1.0040,1.0040,0%,封闭期,封闭期
2014-11-24,1.0210,1.0210,1.69%,封闭期,开放赎回
2014-11-25,1.0400,1.0400,1.86%,封闭期,开放赎回
2014-11-26,1.0430,1.0430,0.29%,封闭期,开放赎回
2014-11-27,1.0520,1.0520,0.86%,封闭期,开放赎回
2014-11-28,1.0600,1.0600,0.76%,封闭期,开放赎回
2014-12-01,1.0530,1.0530,-0.66%,限制大额申购,开放赎回
2014-12-02,1.0720,1.0720,1.80%,暂停申购,开放赎回
2014-12-03,1.0850,1.0850,1.21%,暂停申购,开放赎回
2014-12-04,1.1130,1.1130,2.58%,暂停申购,开放赎回
2014-12-05,1.0970,1.0970,-1.44%,暂停申购,开放赎回
2014-12-08,1.1390,1.1390,3.83%,暂停申购,开放赎回
2014-12-09,1.0980,1.0980,-3.60%,暂停申购,开放赎回
2014-12-10,1.1440,1.1440,4.19%,暂停申购,开放赎回
2014-12-11,1.1660,1.1660,1.92%,暂停申购,开放赎回
2014-12-12,1.1740,1.1740,0.69%,暂停申购,开放赎回
2014-12-15,1.1900,1.1900,1.36%,暂停申购,开放赎回
2014-12-16,1.2040,1.2040,1.18%,暂停申购,开放赎回
2014-12-17,1.2080,1.2080,0.33%,暂停申购,开放赎回
2014-12-18,1.2040,1.2040,-0.33%,暂停申购,开放赎回
2014-12-19,1.1960,1.1960,-0.66%,暂停申购,开放赎回
2014-12-22,1.1470,1.1470,-4.10%,暂停申购,开放赎回
2014-12-23,1.1210,1.1210,-2.27%,暂停申购,开放赎回
2014-12-24,1.1090,1.1090,-1.07%,暂停申购,开放赎回
2014-12-25,1.1440,1.1440,3.16%,暂停申购,开放赎回
2014-12-26,1.1760,1.1760,2.80%,暂停申购,开放赎回
2014-12-29,1.1670,1.1670,-0.77%,暂停申购,开放赎回
2014-12-30,1.1550,1.1550,-1.03%,暂停申购,开放赎回
2014-12-31,1.1730,1.1730,1.56%,暂停申购,开放赎回
2015-01-05,1.1830,1.1830,0.85%,暂停申购,开放赎回
2015-01-06,1.1820,1.1820,-0.08%,暂停申购,开放赎回
2015-01-07,1.1860,1.1860,0.34%,暂停申购,开放赎回
2015-01-08,1.1620,1.1620,-2.02%,暂停申购,开放赎回
2015-01-09,1.1560,1.1560,-0.52%,暂停申购,开放赎回
2015-01-12,1.1390,1.1390,-1.47%,暂停申购,开放赎回
2015-01-13,1.1540,1.1540,1.32%,暂停申购,开放赎回
2015-01-14,1.1530,1.1530,-0.09%,暂停申购,开放赎回
2015-01-15,1.1710,1.1710,1.56%,暂停申购,开放赎回
2015-01-16,1.1850,1.1850,1.20%,暂停申购,开放赎回
2015-01-19,1.1270,1.1270,-4.89%,暂停申购,开放赎回
2015-01-20,1.1670,1.1670,3.55%,暂停申购,开放赎回
2015-01-21,1.1990,1.1990,2.74%,暂停申购,开放赎回
2015-01-22,1.2190,1.2190,1.67%,暂停申购,开放赎回
2015-01-23,1.2080,1.2080,-0.90%,暂停申购,开放赎回
2015-01-26,1.2350,1.2350,2.24%,暂停申购,开放赎回
2015-01-27,1.2410,1.2410,0.49%,暂停申购,开放赎回
2015-01-28,1.2260,1.2260,-1.21%,暂停申购,开放赎回
2015-01-29,1.2180,1.2180,-0.65%,暂停申购,开放赎回
2015-01-30,1.1950,1.1950,-1.89%,暂停申购,开放赎回
2015-02-02,1.1830,1.1830,-1.00%,暂停申购,开放赎回
2015-02-03,1.2080,1.2080,2.11%,暂停申购,开放赎回
2015-02-04,1.2050,1.2050,-0.25%,暂停申购,开放赎回
2015-02-05,1.2000,1.2000,-0.41%,暂停申购,开放赎回
2015-02-06,1.1730,1.1730,-2.25%,暂停申购,开放赎回
2015-02-09,1.1660,1.1660,-0.60%,暂停申购,开放赎回
2015-02-10,1.1910,1.1910,2.14%,暂停申购,开放赎回
2015-02-11,1.2100,1.2100,1.60%,暂停申购,开放赎回
2015-02-12,1.2160,1.2160,0.50%,暂停申购,开放赎回
2015-02-13,1.2350,1.2350,1.56%,暂停申购,开放赎回
2015-02-16,1.2620,1.2620,2.19%,暂停申购,开放赎回
2015-02-17,1.2740,1.2740,0.95%,暂停申购,开放赎回
2015-02-25,1.2600,1.2600,-1.10%,暂停申购,开放赎回
2015-02-26,1.2710,1.2710,0.87%,暂停申购,开放赎回
2015-02-27,1.2800,1.2800,0.71%,暂停申购,开放赎回
2015-03-02,1.2990,1.2990,1.48%,暂停申购,开放赎回
2015-03-03,1.2810,1.2810,-1.39%,暂停申购,开放赎回
2015-03-04,1.2890,1.2890,0.62%,暂停申购,开放赎回
2015-03-05,1.2780,1.2780,-0.85%,暂停申购,开放赎回
2015-03-06,1.2760,1.2760,-0.16%,暂停申购,开放赎回
2015-03-09,1.2950,1.2950,1.49%,暂停申购,开放赎回
2015-03-10,1.2960,1.2960,0.08%,暂停申购,开放赎回
2015-03-11,1.2940,1.2940,-0.15%,暂停申购,开放赎回
2015-03-12,1.3020,1.3020,0.62%,暂停申购,开放赎回
2015-03-13,1.3160,1.3160,1.08%,暂停申购,开放赎回
2015-03-16,1.3510,1.3510,2.66%,暂停申购,开放赎回
2015-03-17,1.3950,1.3950,3.26%,暂停申购,开放赎回
2015-03-18,1.4330,1.4330,2.72%,暂停申购,开放赎回
2015-03-19,1.4400,1.4400,0.49%,暂停申购,开放赎回
2015-03-20,1.4450,1.4450,0.35%,暂停申购,开放赎回
2015-03-23,1.4790,1.4790,2.35%,暂停申购,开放赎回
2015-03-24,1.5030,1.5030,1.62%,暂停申购,开放赎回
2015-03-25,1.4970,1.4970,-0.40%,暂停申购,开放赎回
2015-03-26,1.4870,1.4870,-0.67%,暂停申购,开放赎回
2015-03-27,1.4950,1.4950,0.54%,暂停申购,开放赎回
2015-03-30,1.5310,1.5310,2.41%,暂停申购,开放赎回
2015-03-31,1.5190,1.5190,-0.78%,暂停申购,开放赎回
2015-04-01,1.5470,1.5470,1.84%,暂停申购,开放赎回
2015-04-02,1.5730,1.5730,1.68%,暂停申购,开放赎回
2015-04-03,1.6010,1.6010,1.78%,暂停申购,开放赎回
2015-04-07,1.6410,1.6410,2.50%,暂停申购,开放赎回
2015-04-08,1.6410,1.6410,0.00%,暂停申购,开放赎回
2015-04-09,1.6140,1.6140,-1.65%,暂停申购,开放赎回
2015-04-10,1.2860,1.6460,1.98%,暂停申购,开放赎回
2015-04-13,1.3200,1.6800,2.64%,暂停申购,开放赎回
2015-04-14,1.3290,1.6890,0.68%,限制大额申购,开放赎回
2015-04-15,1.3010,1.6610,-2.11%,暂停申购,开放赎回
2015-04-16,1.3120,1.6720,0.85%,暂停申购,开放赎回
2015-04-17,1.3450,1.7050,2.52%,暂停申购,开放赎回
2015-04-20,1.3350,1.6950,-0.74%,暂停申购,开放赎回
2015-04-21,1.3630,1.7230,2.10%,暂停申购,开放赎回
2015-04-22,1.3980,1.7580,2.57%,暂停申购,开放赎回
2015-04-23,1.4050,1.7650,0.50%,暂停申购,开放赎回
2015-04-24,1.4000,1.7600,-0.36%,暂停申购,开放赎回
2015-04-27,1.4350,1.7950,2.50%,暂停申购,开放赎回
2015-04-28,1.4260,1.7860,-0.63%,暂停申购,开放赎回
2015-04-29,1.4400,1.8000,0.98%,暂停申购,开放赎回
2015-04-30,1.4450,1.8050,0.35%,暂停申购,开放赎回
2015-05-04,1.4700,1.8300,1.73%,暂停申购,开放赎回
2015-05-05,1.4100,1.7700,-4.08%,暂停申购,开放赎回
2015-05-06,1.3740,1.7340,-2.55%,暂停申购,开放赎回
2015-05-07,1.3140,1.6740,-4.37%,暂停申购,开放赎回
2015-05-08,1.3590,1.7190,3.42%,暂停申购,开放赎回
2015-05-11,1.4170,1.7770,4.27%,暂停申购,开放赎回
2015-05-12,1.4450,1.8050,1.98%,暂停申购,开放赎回
2015-05-13,1.4450,1.8050,0.00%,暂停申购,开放赎回
2015-05-14,1.4420,1.8020,-0.21%,暂停申购,开放赎回
2015-05-15,1.4300,1.7900,-0.83%,暂停申购,开放赎回
2015-05-18,1.4430,1.8030,0.91%,暂停申购,开放赎回
2015-05-19,1.4670,1.8270,1.66%,暂停申购,开放赎回
2015-05-20,1.4930,1.8530,1.77%,暂停申购,开放赎回
2015-05-21,1.5420,1.9020,3.28%,暂停申购,开放赎回
2015-05-22,1.5690,1.9290,1.75%,暂停申购,开放赎回
2015-05-25,1.6110,1.9710,2.68%,暂停申购,开放赎回
2015-05-26,1.6680,2.0280,3.54%,暂停申购,开放赎回
2015-05-27,1.6960,2.0560,1.68%,暂停申购,开放赎回
2015-05-28,1.5850,1.9450,-6.54%,暂停申购,开放赎回
2015-05-29,1.5940,1.9540,0.57%,暂停申购,开放赎回
2015-06-01,1.6750,2.0350,5.08%,暂停申购,开放赎回
2015-06-02,1.7530,2.1130,4.66%,暂停申购,开放赎回
2015-06-03,1.7670,2.1270,0.80%,暂停申购,开放赎回
2015-06-04,1.7660,2.1260,-0.06%,暂停申购,开放赎回
2015-06-05,1.8070,2.1670,2.32%,暂停申购,开放赎回
2015-06-08,1.7890,2.1490,-1.00%,暂停申购,开放赎回
2015-06-09,1.7890,2.1490,0.00%,暂停申购,开放赎回
2015-06-10,1.8160,2.1760,1.51%,暂停申购,开放赎回
2015-06-11,1.8440,2.2040,1.54%,暂停申购,开放赎回
2015-06-12,1.8700,2.2300,1.41%,暂停申购,开放赎回
2015-06-15,1.8480,2.2080,-1.18%,暂停申购,开放赎回
2015-06-16,1.7710,2.1310,-4.17%,暂停申购,开放赎回
2015-06-17,1.8040,2.1640,1.86%,暂停申购,开放赎回
2015-06-18,1.7330,2.0930,-3.94%,暂停申购,开放赎回
2015-06-19,1.6080,1.9680,-7.21%,暂停申购,开放赎回
2015-06-23,1.6110,1.9710,0.19%,暂停申购,开放赎回
2015-06-24,1.6680,2.0280,3.54%,暂停申购,开放赎回
2015-06-25,1.6120,1.9720,-3.36%,暂停申购,开放赎回
2015-06-26,1.4690,1.8290,-8.87%,暂停申购,开放赎回
2015-06-29,1.3510,1.7110,-8.03%,暂停申购,开放赎回
2015-06-30,1.4070,1.7670,4.15%,暂停申购,开放赎回
2015-07-01,1.3180,1.6780,-6.33%,暂停申购,开放赎回
2015-07-02,1.2130,1.5730,-7.97%,暂停申购,开放赎回
2015-07-03,1.1080,1.4680,-8.66%,暂停申购,开放赎回
2015-07-06,1.0680,1.4280,-3.61%,暂停申购,开放赎回
2015-07-07,0.9880,1.3480,-7.49%,暂停申购,开放赎回
2015-07-08,0.9250,1.2850,-6.38%,暂停申购,开放赎回
2015-07-09,0.9450,1.3050,2.16%,暂停申购,开放赎回
2015-07-10,0.9730,1.3330,2.96%,暂停申购,开放赎回
2015-07-13,1.0210,1.3810,4.93%,限制大额申购,开放赎回
2015-07-14,1.0320,1.3920,1.08%,暂停申购,开放赎回
2015-07-15,0.9890,1.3490,-4.17%,暂停申购,开放赎回
2015-07-16,1.0020,1.3620,1.31%,暂停申购,开放赎回
2015-07-17,1.0630,1.4230,6.09%,暂停申购,开放赎回
2015-07-20,1.0930,1.4530,2.82%,暂停申购,开放赎回
2015-07-21,1.1180,1.4780,2.29%,暂停申购,开放赎回
2015-07-22,1.1400,1.5000,1.97%,暂停申购,开放赎回
2015-07-23,1.1870,1.5470,4.12%,暂停申购,开放赎回
2015-07-24,1.1760,1.5360,-0.93%,暂停申购,开放赎回
2015-07-27,1.0820,1.4420,-7.99%,暂停申购,开放赎回
2015-07-28,1.0380,1.3980,-4.07%,暂停申购,开放赎回
2015-07-29,1.1050,1.4650,6.45%,暂停申购,开放赎回
2015-07-30,1.0840,1.4440,-1.90%,暂停申购,开放赎回
2015-07-31,1.0620,1.4220,-2.03%,暂停申购,开放赎回
2015-08-03,1.0100,1.3700,-4.90%,暂停申购,开放赎回
2015-08-04,1.0800,1.4400,6.93%,暂停申购,开放赎回
2015-08-05,1.0740,1.4340,-0.56%,暂停申购,开放赎回
2015-08-06,1.0650,1.4250,-0.84%,暂停申购,开放赎回
2015-08-07,1.1020,1.4620,3.47%,暂停申购,开放赎回
2015-08-10,1.1620,1.5220,5.44%,暂停申购,开放赎回
2015-08-11,1.1750,1.5350,1.12%,暂停申购,开放赎回
2015-08-12,1.1630,1.5230,-1.02%,暂停申购,开放赎回
2015-08-13,1.1980,1.5580,3.01%,暂停申购,开放赎回
2015-08-14,1.2110,1.5710,1.09%,暂停申购,开放赎回
2015-08-17,1.2430,1.6030,2.64%,暂停申购,开放赎回
2015-08-18,1.1450,1.5050,-7.88%,暂停申购,开放赎回
2015-08-19,1.1780,1.5380,2.88%,暂停申购,开放赎回
2015-08-20,1.1310,1.4910,-3.99%,暂停申购,开放赎回
2015-08-21,1.0630,1.4230,-6.01%,暂停申购,开放赎回
2015-08-24,0.9730,1.3330,-8.47%,暂停申购,开放赎回
2015-08-25,0.8840,1.2440,-9.15%,暂停申购,开放赎回
2015-08-26,0.8280,1.1880,-6.33%,暂停申购,开放赎回
2015-08-27,0.8580,1.2180,3.62%,暂停申购,开放赎回
2015-08-28,0.9210,1.2810,7.34%,暂停申购,开放赎回
2015-08-31,0.8810,1.2410,-4.34%,暂停申购,开放赎回
2015-09-01,0.8190,1.1790,-7.04%,暂停申购,开放赎回
2015-09-02,0.7780,1.1380,-5.01%,暂停申购,开放赎回
2015-09-07,0.7890,1.1490,1.41%,暂停申购,开放赎回
2015-09-08,0.8310,1.1910,5.32%,暂停申购,开放赎回
2015-09-09,0.8710,1.2310,4.81%,暂停申购,开放赎回
2015-09-10,0.8550,1.2150,-1.84%,暂停申购,开放赎回
2015-09-11,0.8710,1.2310,1.87%,暂停申购,开放赎回
2015-09-14,0.8000,1.1600,-8.15%,暂停申购,开放赎回
2015-09-15,0.7440,1.1040,-7.00%,暂停申购,开放赎回
2015-09-16,0.8060,1.1660,8.33%,暂停申购,开放赎回
2015-09-17,0.7930,1.1530,-1.61%,暂停申购,开放赎回
2015-09-18,0.8120,1.1720,2.40%,暂停申购,开放赎回
2015-09-21,0.8490,1.2090,4.56%,暂停申购,开放赎回
2015-09-22,0.8570,1.2170,0.94%,暂停申购,开放赎回
2015-09-23,0.8490,1.2090,-0.93%,暂停申购,开放赎回
2015-09-24,0.8590,1.2190,1.18%,暂停申购,开放赎回
2015-09-25,0.8210,1.1810,-4.42%,暂停申购,开放赎回
2015-09-28,0.8460,1.2060,3.05%,暂停申购,开放赎回
2015-09-29,0.8290,1.1890,-2.01%,暂停申购,开放赎回
2015-09-30,0.8310,1.1910,0.24%,暂停申购,开放赎回
2015-10-08,0.8700,1.2300,4.69%,暂停申购,开放赎回
2015-10-09,0.8830,1.2430,1.49%,暂停申购,开放赎回
2015-10-12,0.9250,1.2850,4.76%,暂停申购,开放赎回
2015-10-13,0.9390,1.2990,1.51%,暂停申购,开放赎回
2015-10-14,0.9230,1.2830,-1.70%,暂停申购,开放赎回
2015-10-15,0.9530,1.3130,3.25%,暂停申购,开放赎回
2015-10-16,0.9720,1.3320,1.99%,暂停申购,开放赎回
2015-10-19,0.9670,1.3270,-0.51%,暂停申购,开放赎回
2015-10-20,0.9920,1.3520,2.59%,暂停申购,开放赎回
2015-10-21,0.9220,1.2820,-7.06%,暂停申购,开放赎回
2015-10-22,0.9650,1.3250,4.66%,暂停申购,开放赎回
2015-10-23,0.9970,1.3570,3.32%,暂停申购,开放赎回
2015-10-26,1.0120,1.3720,1.50%,暂停申购,开放赎回
2015-10-27,1.0240,1.3840,1.19%,暂停申购,开放赎回
2015-10-28,0.9970,1.3570,-2.64%,暂停申购,开放赎回
2015-10-29,1.0100,1.3700,1.30%,暂停申购,开放赎回
2015-10-30,1.0110,1.3710,0.10%,暂停申购,开放赎回
2015-11-02,0.9800,1.3400,-3.07%,暂停申购,开放赎回
2015-11-03,0.9770,1.3370,-0.31%,暂停申购,开放赎回
2015-11-04,1.0320,1.3920,5.63%,暂停申购,开放赎回
2015-11-05,1.0350,1.3950,0.29%,暂停申购,开放赎回
2015-11-06,1.0670,1.4270,3.09%,暂停申购,开放赎回
2015-11-09,1.0900,1.4500,2.16%,暂停申购,开放赎回
2015-11-10,1.1010,1.4610,1.01%,暂停申购,开放赎回
2015-11-11,1.1260,1.4860,2.27%,暂停申购,开放赎回
2015-11-12,1.1280,1.4880,0.18%,暂停申购,开放赎回
2015-11-13,1.1070,1.4670,-1.86%,暂停申购,开放赎回
2015-11-16,1.1340,1.4940,2.44%,暂停申购,开放赎回
2015-11-17,1.1190,1.4790,-1.32%,暂停申购,开放赎回
2015-11-18,1.0920,1.4520,-2.41%,暂停申购,开放赎回
2015-11-19,1.1310,1.4910,3.57%,暂停申购,开放赎回
2015-11-20,1.1560,1.5160,2.21%,暂停申购,开放赎回
2015-11-23,1.1470,1.5070,-0.78%,暂停申购,开放赎回
2015-11-24,1.1620,1.5220,1.31%,暂停申购,开放赎回
2015-11-25,1.1920,1.5520,2.58%,暂停申购,开放赎回
2015-11-26,1.1800,1.5400,-1.01%,暂停申购,开放赎回
2015-11-27,1.0990,1.4590,-6.86%,暂停申购,开放赎回
2015-11-30,1.1060,1.4660,0.64%,暂停申购,开放赎回
2015-12-01,1.1020,1.4620,-0.36%,暂停申购,开放赎回
2015-12-02,1.0790,1.4390,-2.09%,暂停申购,开放赎回
2015-12-03,1.1170,1.4770,3.52%,暂停申购,开放赎回
2015-12-04,1.1130,1.4730,-0.36%,暂停申购,开放赎回
2015-12-07,1.1290,1.4890,1.44%,限制大额申购,开放赎回
2015-12-08,1.1080,1.4680,-1.86%,暂停申购,开放赎回
2015-12-09,1.1000,1.4600,-0.72%,暂停申购,开放赎回
2015-12-10,1.1060,1.4660,0.55%,暂停申购,开放赎回
2015-12-11,1.0960,1.4560,-0.90%,暂停申购,开放赎回
2015-12-14,1.1160,1.4760,1.82%,暂停申购,开放赎回
2015-12-15,1.1360,1.4960,1.79%,暂停申购,开放赎回
2015-12-16,1.1460,1.5060,0.88%,暂停申购,开放赎回
2015-12-17,1.1780,1.5380,2.79%,暂停申购,开放赎回
2015-12-18,1.1690,1.5290,-0.76%,暂停申购,开放赎回
2015-12-21,1.1760,1.5360,0.60%,暂停申购,开放赎回
2015-12-22,1.1840,1.5440,0.68%,暂停申购,开放赎回
2015-12-23,1.1660,1.5260,-1.52%,暂停申购,开放赎回
2015-12-24,1.1610,1.5210,-0.43%,暂停申购,开放赎回
2015-12-25,1.1700,1.5300,0.78%,暂停申购,开放赎回
2015-12-28,1.1540,1.5140,-1.37%,暂停申购,开放赎回
2015-12-29,1.1680,1.5280,1.21%,暂停申购,开放赎回
2015-12-30,1.1820,1.5420,1.20%,暂停申购,开放赎回
2015-12-31,1.1580,1.5180,-2.03%,暂停申购,开放赎回
2016-01-04,1.0560,1.4160,-8.81%,暂停申购,开放赎回
2016-01-05,1.0290,1.3890,-2.56%,暂停申购,开放赎回
2016-01-06,1.0540,1.4140,2.43%,暂停申购,开放赎回
2016-01-07,0.9600,1.3200,-8.92%,暂停申购,开放赎回
2016-01-08,0.9620,1.3220,0.21%,暂停申购,开放赎回
2016-01-11,0.8900,1.2500,-7.48%,暂停申购,开放赎回
2016-01-12,0.8960,1.2560,0.67%,暂停申购,开放赎回
2016-01-13,0.8570,1.2170,-4.35%,暂停申购,开放赎回
2016-01-14,0.8890,1.2490,3.73%,暂停申购,开放赎回
2016-01-15,0.8540,1.2140,-3.94%,暂停申购,开放赎回
2016-01-18,0.8780,1.2380,2.81%,暂停申购,开放赎回
2016-01-19,0.9150,1.2750,4.21%,暂停申购,开放赎回
2016-01-20,0.9140,1.2740,-0.11%,暂停申购,开放赎回
2016-01-21,0.8650,1.2250,-5.36%,暂停申购,开放赎回
2016-01-22,0.8830,1.2430,2.08%,暂停申购,开放赎回
2016-01-25,0.8970,1.2570,1.59%,暂停申购,开放赎回
2016-01-26,0.8190,1.1790,-8.70%,暂停申购,开放赎回
2016-01-27,0.8180,1.1780,-0.12%,暂停申购,开放赎回
2016-01-28,0.7790,1.1390,-4.77%,暂停申购,开放赎回
2016-01-29,0.8150,1.1750,4.62%,暂停申购,开放赎回
2016-02-01,0.8030,1.1630,-1.47%,暂停申购,开放赎回
2016-02-02,0.8350,1.1950,3.99%,暂停申购,开放赎回
2016-02-03,0.8410,1.2010,0.72%,暂停申购,开放赎回
2016-02-04,0.8620,1.2220,2.50%,暂停申购,开放赎回
2016-02-05,0.8540,1.2140,-0.93%,暂停申购,开放赎回
2016-02-15,0.8570,1.2170,0.35%,暂停申购,开放赎回
2016-02-16,0.8950,1.2550,4.43%,暂停申购,开放赎回
2016-02-17,0.9030,1.2630,0.89%,暂停申购,开放赎回
2016-02-18,0.8960,1.2560,-0.78%,暂停申购,开放赎回
2016-02-19,0.9050,1.2650,1.00%,暂停申购,开放赎回
2016-02-22,0.9240,1.2840,2.10%,暂停申购,开放赎回
2016-02-23,0.9170,1.2770,-0.76%,暂停申购,开放赎回
2016-02-24,0.9230,1.2830,0.65%,暂停申购,开放赎回
2016-02-25,0.8460,1.2060,-8.34%,暂停申购,开放赎回
2016-02-26,0.8370,1.1970,-1.06%,暂停申购,开放赎回
2016-02-29,0.7760,1.1360,-7.29%,暂停申购,开放赎回
2016-03-01,0.7920,1.1520,2.06%,暂停申购,开放赎回
2016-03-02,0.8340,1.1940,5.30%,暂停申购,开放赎回
2016-03-03,0.8390,1.1990,0.60%,暂停申购,开放赎回
2016-03-04,0.8010,1.1610,-4.53%,暂停申购,开放赎回
2016-03-07,0.8230,1.1830,2.75%,暂停申购,开放赎回
2016-03-08,0.8340,1.1940,1.34%,暂停申购,开放赎回
2016-03-09,0.8130,1.1730,-2.52%,暂停申购,开放赎回
2016-03-10,0.8000,1.1600,-1.60%,暂停申购,开放赎回
2016-03-11,0.7970,1.1570,-0.38%,暂停申购,开放赎回
2016-03-14,0.8310,1.1910,4.27%,暂停申购,开放赎回
2016-03-15,0.8240,1.1840,-0.84%,暂停申购,开放赎回
2016-03-16,0.8130,1.1730,-1.34%,暂停申购,开放赎回
2016-03-17,0.8460,1.2060,4.06%,暂停申购,开放赎回
2016-03-18,0.8860,1.2460,4.73%,暂停申购,开放赎回
2016-03-21,0.9180,1.2780,3.61%,暂停申购,开放赎回
2016-03-22,0.9160,1.2760,-0.22%,暂停申购,开放赎回
2016-03-23,0.9300,1.2900,1.53%,暂停申购,开放赎回
2016-03-24,0.9140,1.2740,-1.72%,暂停申购,开放赎回
2016-03-25,0.9230,1.2830,0.98%,暂停申购,开放赎回
2016-03-28,0.9170,1.2770,-0.65%,暂停申购,开放赎回
2016-03-29,0.8950,1.2550,-2.40%,暂停申购,开放赎回
2016-03-30,0.9300,1.2900,3.91%,暂停申购,开放赎回
2016-03-31,0.9320,1.2920,0.22%,暂停申购,开放赎回
2016-04-01,0.9230,1.2830,-0.97%,暂停申购,开放赎回
2016-04-05,0.9560,1.3160,3.58%,暂停申购,开放赎回
2016-04-06,0.9590,1.3190,0.31%,暂停申购,开放赎回
2016-04-07,0.9430,1.3030,-1.67%,暂停申购,开放赎回
2016-04-08,0.9350,1.2950,-0.85%,暂停申购,开放赎回
2016-04-11,0.9540,1.3140,2.03%,暂停申购,开放赎回
2016-04-12,0.9490,1.3090,-0.52%,暂停申购,开放赎回
2016-04-13,0.9620,1.3220,1.37%,暂停申购,开放赎回
2016-04-14,0.9710,1.3310,0.94%,暂停申购,开放赎回
2016-04-15,0.9710,1.3310,0.00%,暂停申购,开放赎回
2016-04-18,0.9570,1.3170,-1.44%,暂停申购,开放赎回
2016-04-19,0.9590,1.3190,0.21%,暂停申购,开放赎回
2016-04-20,0.9040,1.2640,-5.74%,暂停申购,开放赎回
2016-04-21,0.8870,1.2470,-1.88%,暂停申购,开放赎回
2016-04-22,0.8970,1.2570,1.13%,暂停申购,开放赎回
2016-04-25,0.8880,1.2480,-1.00%,暂停申购,开放赎回
2016-04-26,0.9030,1.2630,1.69%,暂停申购,开放赎回
2016-04-27,0.9010,1.2610,-0.22%,暂停申购,开放赎回
2016-04-28,0.9010,1.2610,0.00%,暂停申购,开放赎回
2016-04-29,0.8980,1.2580,-0.33%,暂停申购,开放赎回
2016-05-03,0.9280,1.2880,3.34%,暂停申购,开放赎回
2016-05-04,0.9290,1.2890,0.11%,暂停申购,开放赎回
2016-05-05,0.9350,1.2950,0.65%,暂停申购,开放赎回
2016-05-06,0.9010,1.2610,-3.64%,暂停申购,开放赎回
2016-05-09,0.8630,1.2230,-4.22%,限制大额申购,开放赎回
2016-05-10,0.8610,1.2210,-0.23%,限制大额申购,开放赎回
2016-05-11,0.8510,1.2110,-1.16%,限制大额申购,开放赎回
2016-05-12,0.8490,1.2090,-0.24%,限制大额申购,开放赎回
2016-05-13,0.8470,1.2070,-0.24%,限制大额申购,开放赎回
2016-05-16,0.8630,1.2230,1.89%,限制大额申购,开放赎回
2016-05-17,0.8660,1.2260,0.35%,限制大额申购,开放赎回
2016-05-18,0.8410,1.2010,-2.89%,限制大额申购,开放赎回
2016-05-19,0.8450,1.2050,0.48%,限制大额申购,开放赎回
2016-05-20,0.8540,1.2140,1.07%,限制大额申购,开放赎回
2016-05-23,0.8660,1.2260,1.41%,限制大额申购,开放赎回
2016-05-24,0.8580,1.2180,-0.92%,限制大额申购,开放赎回
2016-05-25,0.8570,1.2170,-0.12%,限制大额申购,开放赎回
2016-05-26,0.8600,1.2200,0.35%,限制大额申购,开放赎回
2016-05-27,0.8620,1.2220,0.23%,限制大额申购,开放赎回
2016-05-30,0.8550,1.2150,-0.81%,限制大额申购,开放赎回
2016-05-31,0.8880,1.2480,3.86%,限制大额申购,开放赎回
2016-06-01,0.8970,1.2570,1.01%,限制大额申购,开放赎回
2016-06-02,0.9060,1.2660,1.00%,限制大额申购,开放赎回
2016-06-03,0.9120,1.2720,0.66%,限制大额申购,开放赎回
2016-06-06,0.9170,1.2770,0.55%,限制大额申购,开放赎回
2016-06-07,0.9220,1.2820,0.55%,限制大额申购,开放赎回
2016-06-08,0.9200,1.2800,-0.22%,限制大额申购,开放赎回
2016-06-13,0.8750,1.2350,-4.89%,限制大额申购,开放赎回
2016-06-14,0.8770,1.2370,0.23%,限制大额申购,开放赎回
2016-06-15,0.9070,1.2670,3.42%,限制大额申购,开放赎回
2016-06-16,0.9090,1.2690,0.22%,限制大额申购,开放赎回
2016-06-17,0.9090,1.2690,0.00%,限制大额申购,开放赎回
2016-06-20,0.9080,1.2680,-0.11%,限制大额申购,开放赎回
2016-06-21,0.8970,1.2570,-1.21%,限制大额申购,开放赎回
2016-06-22,0.9100,1.2700,1.45%,限制大额申购,开放赎回
2016-06-23,0.9090,1.2690,-0.11%,限制大额申购,开放赎回
2016-06-24,0.9000,1.2600,-0.99%,限制大额申购,开放赎回
2016-06-27,0.9200,1.2800,2.22%,限制大额申购,开放赎回
2016-06-28,0.9300,1.2900,1.09%,限制大额申购,开放赎回
2016-06-29,0.9330,1.2930,0.32%,限制大额申购,开放赎回
2016-06-30,0.9330,1.2930,0.00%,限制大额申购,开放赎回
2016-07-01,0.9320,1.2920,-0.11%,限制大额申购,开放赎回
2016-07-04,0.9480,1.3080,1.72%,限制大额申购,开放赎回
2016-07-05,0.9550,1.3150,0.74%,限制大额申购,开放赎回
2016-07-06,0.9600,1.3200,0.52%,限制大额申购,开放赎回
2016-07-07,0.9610,1.3210,0.10%,限制大额申购,开放赎回
2016-07-08,0.9620,1.3220,0.10%,限制大额申购,开放赎回
2016-07-11,0.9590,1.3190,-0.31%,限制大额申购,开放赎回
2016-07-12,0.9600,1.3200,0.10%,限制大额申购,开放赎回
2016-07-13,0.9740,1.3340,1.46%,限制大额申购,开放赎回
2016-07-14,0.9760,1.3360,0.21%,限制大额申购,开放赎回
2016-07-15,0.9670,1.3270,-0.92%,限制大额申购,开放赎回
2016-07-18,0.9580,1.3180,-0.93%,限制大额申购,开放赎回
2016-07-19,0.9640,1.3240,0.63%,限制大额申购,开放赎回
2016-07-20,0.9660,1.3260,0.21%,限制大额申购,开放赎回
2016-07-21,0.9690,1.3290,0.31%,限制大额申购,开放赎回
2016-07-22,0.9620,1.3220,-0.72%,限制大额申购,开放赎回
2016-07-25,0.9680,1.3280,0.62%,限制大额申购,开放赎回
2016-07-26,0.9810,1.3410,1.34%,限制大额申购,开放赎回
2016-07-27,0.9340,1.2940,-4.79%,限制大额申购,开放赎回
2016-07-28,0.9300,1.2900,-0.43%,限制大额申购,开放赎回
2016-07-29,0.9210,1.2810,-0.97%,限制大额申购,开放赎回
2016-08-01,0.9070,1.2670,-1.52%,限制大额申购,开放赎回
2016-08-02,0.9130,1.2730,0.66%,限制大额申购,开放赎回
2016-08-03,0.9170,1.2770,0.44%,限制大额申购,开放赎回
2016-08-04,0.9220,1.2820,0.55%,限制大额申购,开放赎回
2016-08-05,0.9170,1.2770,-0.54%,限制大额申购,开放赎回
2016-08-08,0.9310,1.2910,1.53%,限制大额申购,开放赎回
2016-08-09,0.9390,1.2990,0.86%,限制大额申购,开放赎回
2016-08-10,0.9350,1.2950,-0.43%,限制大额申购,开放赎回
2016-08-11,0.9220,1.2820,-1.39%,限制大额申购,开放赎回
2016-08-12,0.9310,1.2910,0.98%,限制大额申购,开放赎回
2016-08-15,0.9490,1.3090,1.93%,限制大额申购,开放赎回
2016-08-16,0.9550,1.3150,0.63%,限制大额申购,开放赎回
2016-08-17,0.9520,1.3120,-0.31%,限制大额申购,开放赎回
2016-08-18,0.9540,1.3140,0.21%,限制大额申购,开放赎回
2016-08-19,0.9520,1.3120,-0.21%,限制大额申购,开放赎回
2016-08-22,0.9420,1.3020,-1.05%,限制大额申购,开放赎回
2016-08-23,0.9440,1.3040,0.21%,限制大额申购,开放赎回
2016-08-24,0.9480,1.3080,0.42%,限制大额申购,开放赎回
2016-08-25,0.9400,1.3000,-0.84%,限制大额申购,开放赎回
2016-08-26,0.9440,1.3040,0.43%,限制大额申购,开放赎回
2016-08-29,0.9490,1.3090,0.53%,限制大额申购,开放赎回
2016-08-30,0.9490,1.3090,0.00%,限制大额申购,开放赎回
2016-08-31,0.9500,1.3100,0.11%,限制大额申购,开放赎回
2016-09-01,0.9430,1.3030,-0.74%,限制大额申购,开放赎回
2016-09-02,0.9430,1.3030,0.00%,限制大额申购,开放赎回
2016-09-05,0.9490,1.3090,0.64%,限制大额申购,开放赎回
2016-09-06,0.9640,1.3240,1.58%,限制大额申购,开放赎回
2016-09-07,0.9650,1.3250,0.10%,限制大额申购,开放赎回
2016-09-08,0.9710,1.3310,0.62%,限制大额申购,开放赎回
2016-09-09,0.9620,1.3220,-0.93%,限制大额申购,开放赎回
2016-09-12,0.9310,1.2910,-3.22%,限制大额申购,开放赎回
2016-09-13,0.9410,1.3010,1.07%,限制大额申购,开放赎回
2016-09-14,0.9320,1.2920,-0.96%,限制大额申购,开放赎回
2016-09-19,0.9370,1.2970,0.54%,限制大额申购,开放赎回
2016-09-20,0.9340,1.2940,-0.32%,限制大额申购,开放赎回
2016-09-21,0.9360,1.2960,0.21%,限制大额申购,开放赎回
2016-09-22,0.9430,1.3030,0.75%,限制大额申购,开放赎回
2016-09-23,0.9400,1.3000,-0.32%,限制大额申购,开放赎回
2016-09-26,0.9220,1.2820,-1.91%,限制大额申购,开放赎回
2016-09-27,0.9320,1.2920,1.08%,限制大额申购,开放赎回
2016-09-28,0.9290,1.2890,-0.32%,限制大额申购,开放赎回
2016-09-29,0.9300,1.2900,0.11%,限制大额申购,开放赎回
2016-09-30,0.9320,1.2920,0.22%,限制大额申购,开放赎回
2016-10-10,0.9460,1.3060,1.50%,限制大额申购,开放赎回
2016-10-11,0.9540,1.3140,0.85%,限制大额申购,开放赎回
2016-10-12,0.9520,1.3120,-0.21%,限制大额申购,开放赎回
2016-10-13,0.9560,1.3160,0.42%,限制大额申购,开放赎回
2016-10-14,0.9570,1.3170,0.10%,限制大额申购,开放赎回
2016-10-17,0.9470,1.3070,-1.04%,限制大额申购,开放赎回
2016-10-18,0.9610,1.3210,1.48%,限制大额申购,开放赎回
2016-10-19,0.9590,1.3190,-0.21%,限制大额申购,开放赎回
2016-10-20,0.9570,1.3170,-0.21%,限制大额申购,开放赎回
2016-10-21,0.9500,1.3100,-0.73%,限制大额申购,开放赎回
2016-10-24,0.9570,1.3170,0.74%,限制大额申购,开放赎回
2016-10-25,0.9640,1.3240,0.73%,限制大额申购,开放赎回
2016-10-26,0.9630,1.3230,-0.10%,限制大额申购,开放赎回
2016-10-27,0.9620,1.3220,-0.10%,限制大额申购,开放赎回
2016-10-28,0.9530,1.3130,-0.94%,限制大额申购,开放赎回
2016-10-31,0.9530,1.3130,0.00%,限制大额申购,开放赎回
2016-11-01,0.9600,1.3200,0.73%,限制大额申购,开放赎回
2016-11-02,0.9540,1.3140,-0.63%,限制大额申购,开放赎回
2016-11-03,0.9610,1.3210,0.73%,限制大额申购,开放赎回
2016-11-04,0.9590,1.3190,-0.21%,限制大额申购,开放赎回
2016-11-07,0.9610,1.3210,0.21%,限制大额申购,开放赎回
2016-11-08,0.9680,1.3280,0.73%,限制大额申购,开放赎回
2016-11-09,0.9600,1.3200,-0.83%,限制大额申购,开放赎回
2016-11-10,0.9730,1.3330,1.35%,限制大额申购,开放赎回
2016-11-11,0.9790,1.3390,0.62%,限制大额申购,开放赎回
2016-11-14,0.9810,1.3410,0.20%,限制大额申购,开放赎回
2016-11-15,0.9860,1.3460,0.51%,限制大额申购,开放赎回
2016-11-16,0.9900,1.3500,0.41%,限制大额申购,开放赎回
2016-11-17,0.9880,1.3480,-0.20%,限制大额申购,开放赎回
2016-11-18,0.9760,1.3360,-1.21%,限制大额申购,开放赎回
2016-11-21,0.9800,1.3400,0.41%,限制大额申购,开放赎回
2016-11-22,0.9880,1.3480,0.82%,限制大额申购,开放赎回
2016-11-23,0.9850,1.3450,-0.30%,限制大额申购,开放赎回
2016-11-24,0.9830,1.3430,-0.20%,限制大额申购,开放赎回
2016-11-25,0.9870,1.3470,0.41%,限制大额申购,开放赎回
2016-11-28,0.9920,1.3520,0.51%,限制大额申购,开放赎回
2016-11-29,0.9870,1.3470,-0.50%,限制大额申购,开放赎回
2016-11-30,0.9780,1.3380,-0.91%,限制大额申购,开放赎回
2016-12-01,0.9870,1.3470,0.92%,限制大额申购,开放赎回
2016-12-02,0.9720,1.3320,-1.52%,限制大额申购,开放赎回
2016-12-05,0.9610,1.3210,-1.13%,限制大额申购,开放赎回
2016-12-06,0.9600,1.3200,-0.10%,限制大额申购,开放赎回
2016-12-07,0.9700,1.3300,1.04%,限制大额申购,开放赎回
2016-12-08,0.9640,1.3240,-0.62%,限制大额申购,开放赎回
2016-12-09,0.9620,1.3220,-0.21%,限制大额申购,开放赎回
2016-12-12,0.9240,1.2840,-3.95%,限制大额申购,开放赎回
2016-12-13,0.9350,1.2950,1.19%,限制大额申购,开放赎回
2016-12-14,0.9300,1.2900,-0.53%,限制大额申购,开放赎回
2016-12-15,0.9350,1.2950,0.54%,限制大额申购,开放赎回
2016-12-16,0.9390,1.2990,0.43%,限制大额申购,开放赎回
2016-12-19,0.9360,1.2960,-0.32%,限制大额申购,开放赎回
2016-12-20,0.9320,1.2920,-0.43%,限制大额申购,开放赎回
2016-12-21,0.9400,1.3000,0.86%,限制大额申购,开放赎回
2016-12-22,0.9430,1.3030,0.32%,限制大额申购,开放赎回
2016-12-23,0.9310,1.2910,-1.27%,限制大额申购,开放赎回
2016-12-26,0.9330,1.2930,0.21%,限制大额申购,开放赎回
2016-12-27,0.9340,1.2940,0.11%,限制大额申购,开放赎回
2016-12-28,0.9310,1.2910,-0.32%,限制大额申购,开放赎回
2016-12-29,0.9280,1.2880,-0.32%,限制大额申购,开放赎回
2016-12-30,0.9310,1.2910,0.32%,限制大额申购,开放赎回
2016-12-31,0.9310,1.2910,0.00%,限制大额申购,开放赎回
2017-01-03,0.9420,1.3020,1.18%,限制大额申购,开放赎回
2017-01-04,0.9520,1.3120,1.06%,限制大额申购,开放赎回
2017-01-05,0.9530,1.3130,0.11%,限制大额申购,开放赎回
2017-01-06,0.9540,1.3140,0.10%,限制大额申购,开放赎回
2017-01-09,0.9620,1.3220,0.84%,限制大额申购,开放赎回
2017-01-10,0.9610,1.3210,-0.10%,限制大额申购,开放赎回
2017-01-11,0.9530,1.3130,-0.83%,限制大额申购,开放赎回
2017-01-12,0.9450,1.3050,-0.84%,限制大额申购,开放赎回
2017-01-13,0.9330,1.2930,-1.27%,限制大额申购,开放赎回
2017-01-16,0.9110,1.2710,-2.36%,限制大额申购,开放赎回
2017-01-17,0.9190,1.2790,0.88%,限制大额申购,开放赎回
2017-01-18,0.9220,1.2820,0.33%,限制大额申购,开放赎回
2017-01-19,0.9150,1.2750,-0.76%,限制大额申购,开放赎回
2017-01-20,0.9290,1.2890,1.53%,限制大额申购,开放赎回
2017-01-23,0.9360,1.2960,0.75%,限制大额申购,开放赎回
2017-01-24,0.9290,1.2890,-0.75%,限制大额申购,开放赎回
2017-01-25,0.9300,1.2900,0.11%,限制大额申购,开放赎回
2017-01-26,0.9360,1.2960,0.65%,限制大额申购,开放赎回
2017-02-03,0.9330,1.2930,-0.32%,限制大额申购,开放赎回
2017-02-06,0.9440,1.3040,1.18%,限制大额申购,开放赎回
2017-02-07,0.9480,1.3080,0.42%,限制大额申购,开放赎回
2017-02-08,0.9580,1.3180,1.05%,限制大额申购,开放赎回
2017-02-09,0.9680,1.3280,1.04%,限制大额申购,开放赎回
2017-02-10,0.9670,1.3270,-0.10%,限制大额申购,开放赎回
2017-02-13,0.9750,1.3350,0.83%,限制大额申购,开放赎回
2017-02-14,0.9760,1.3360,0.10%,限制大额申购,开放赎回
2017-02-15,0.9640,1.3240,-1.23%,限制大额申购,开放赎回
2017-02-16,0.9700,1.3300,0.62%,限制大额申购,开放赎回
2017-02-17,0.9590,1.3190,-1.13%,限制大额申购,开放赎回
2017-02-20,0.9660,1.3260,0.73%,限制大额申购,开放赎回
2017-02-21,0.9770,1.3370,1.14%,限制大额申购,开放赎回
2017-02-22,0.9800,1.3400,0.31%,限制大额申购,开放赎回
2017-02-23,0.9810,1.3410,0.10%,限制大额申购,开放赎回
2017-02-24,0.9870,1.3470,0.61%,限制大额申购,开放赎回
2017-02-27,0.9810,1.3410,-0.61%,限制大额申购,开放赎回
2017-02-28,0.9860,1.3460,0.51%,限制大额申购,开放赎回
2017-03-01,0.9870,1.3470,0.10%,限制大额申购,开放赎回
2017-03-02,0.9800,1.3400,-0.71%,限制大额申购,开放赎回
2017-03-03,0.9840,1.3440,0.41%,限制大额申购,开放赎回
2017-03-06,1.0000,1.3600,1.63%,限制大额申购,开放赎回
2017-03-07,1.0050,1.3650,0.50%,限制大额申购,开放赎回
2017-03-08,1.0000,1.3600,-0.50%,限制大额申购,开放赎回
2017-03-09,0.9950,1.3550,-0.50%,限制大额申购,开放赎回
2017-03-10,0.9940,1.3540,-0.10%,限制大额申购,开放赎回
2017-03-13,1.0010,1.3610,0.70%,限制大额申购,开放赎回
2017-03-14,1.0000,1.3600,-0.10%,限制大额申购,开放赎回
2017-03-15,0.9980,1.3580,-0.20%,限制大额申购,开放赎回
2017-03-16,1.0060,1.3660,0.80%,限制大额申购,开放赎回
2017-03-17,0.9950,1.3550,-1.09%,限制大额申购,开放赎回
2017-03-20,0.9960,1.3560,0.10%,限制大额申购,开放赎回
2017-03-21,0.9990,1.3590,0.30%,限制大额申购,开放赎回
2017-03-22,0.9940,1.3540,-0.50%,限制大额申购,开放赎回
2017-03-23,0.9960,1.3560,0.20%,限制大额申购,开放赎回
2017-03-24,1.0020,1.3620,0.60%,限制大额申购,开放赎回
2017-03-27,0.9960,1.3560,-0.60%,限制大额申购,开放赎回
2017-03-28,0.9940,1.3540,-0.20%,限制大额申购,开放赎回
2017-03-29,0.9950,1.3550,0.10%,限制大额申购,开放赎回
2017-03-30,0.9800,1.3400,-1.51%,限制大额申购,开放赎回
2017-03-31,0.9810,1.3410,0.10%,限制大额申购,开放赎回
2017-04-05,1.0010,1.3610,2.04%,限制大额申购,开放赎回
2017-04-06,1.0040,1.3640,0.30%,限制大额申购,开放赎回
2017-04-07,1.0020,1.3620,-0.20%,限制大额申购,开放赎回
2017-04-10,1.0020,1.3620,0.00%,限制大额申购,开放赎回
2017-04-11,1.0110,1.3710,0.90%,限制大额申购,开放赎回
2017-04-12,0.9980,1.3580,-1.29%,限制大额申购,开放赎回
2017-04-13,1.0020,1.3620,0.40%,限制大额申购,开放赎回
2017-04-14,0.9880,1.3480,-1.40%,限制大额申购,开放赎回
2017-04-17,0.9760,1.3360,-1.21%,限制大额申购,开放赎回
2017-04-18,0.9680,1.3280,-0.82%,限制大额申购,开放赎回
2017-04-19,0.9570,1.3170,-1.14%,限制大额申购,开放赎回
2017-04-20,0.9550,1.3150,-0.21%,限制大额申购,开放赎回
2017-04-21,0.9440,1.3040,-1.15%,限制大额申购,开放赎回
2017-04-24,0.9120,1.2720,-3.39%,限制大额申购,开放赎回
2017-04-25,0.9170,1.2770,0.55%,限制大额申购,开放赎回
2017-04-26,0.9240,1.2840,0.76%,限制大额申购,开放赎回
2017-04-27,0.9270,1.2870,0.32%,限制大额申购,开放赎回
2017-04-28,0.9360,1.2960,0.97%,限制大额申购,开放赎回
2017-05-02,0.9410,1.3010,0.53%,限制大额申购,开放赎回
2017-05-03,0.9350,1.2950,-0.64%,限制大额申购,开放赎回
2017-05-04,0.9330,1.2930,-0.21%,限制大额申购,开放赎回
2017-05-05,0.9230,1.2830,-1.07%,限制大额申购,开放赎回
2017-05-08,0.9020,1.2620,-2.28%,限制大额申购,开放赎回
2017-05-09,0.9080,1.2680,0.67%,限制大额申购,开放赎回
2017-05-10,0.8850,1.2450,-2.53%,限制大额申购,开放赎回
2017-05-11,0.8800,1.2400,-0.57%,限制大额申购,开放赎回
2017-05-12,0.8780,1.2380,-0.23%,限制大额申购,开放赎回
2017-05-15,0.8830,1.2430,0.57%,限制大额申购,开放赎回
2017-05-16,0.9000,1.2600,1.93%,限制大额申购,开放赎回
2017-05-17,0.9100,1.2700,1.11%,限制大额申购,开放赎回
2017-05-18,0.8990,1.2590,-1.21%,限制大额申购,开放赎回
2017-05-19,0.8970,1.2570,-0.22%,限制大额申购,开放赎回
2017-05-22,0.8810,1.2410,-1.78%,限制大额申购,开放赎回
2017-05-23,0.8570,1.2170,-2.72%,限制大额申购,开放赎回
2017-05-24,0.8610,1.2210,0.47%,限制大额申购,开放赎回
2017-05-25,0.8710,1.2310,1.16%,限制大额申购,开放赎回
2017-05-26,0.8730,1.2330,0.23%,限制大额申购,开放赎回
2017-05-31,0.8740,1.2340,0.11%,限制大额申购,开放赎回
2017-06-01,0.8520,1.2120,-2.52%,限制大额申购,开放赎回
2017-06-02,0.8630,1.2230,1.29%,限制大额申购,开放赎回
2017-06-05,0.8710,1.2310,0.93%,限制大额申购,开放赎回
2017-06-06,0.8730,1.2330,0.23%,限制大额申购,开放赎回
2017-06-07,0.8920,1.2520,2.18%,限制大额申购,开放赎回
2017-06-08,0.8930,1.2530,0.11%,限制大额申购,开放赎回
2017-06-09,0.8970,1.2570,0.45%,限制大额申购,开放赎回
2017-06-12,0.8890,1.2490,-0.89%,限制大额申购,开放赎回
2017-06-13,0.8990,1.2590,1.12%,限制大额申购,开放赎回
2017-06-14,0.8970,1.2570,-0.22%,限制大额申购,开放赎回
2017-06-15,0.9070,1.2670,1.11%,限制大额申购,开放赎回
2017-06-16,0.9040,1.2640,-0.33%,限制大额申购,开放赎回
2017-06-19,0.9080,1.2680,0.44%,限制大额申购,开放赎回
2017-06-20,0.9080,1.2680,0.00%,限制大额申购,开放赎回
2017-06-21,0.9130,1.2730,0.55%,限制大额申购,开放赎回
2017-06-22,0.9000,1.2600,-1.42%,限制大额申购,开放赎回
2017-06-23,0.9020,1.2620,0.22%,限制大额申购,开放赎回
2017-06-26,0.9130,1.2730,1.22%,限制大额申购,开放赎回
2017-06-27,0.9130,1.2730,0.00%,限制大额申购,开放赎回
2017-06-28,0.9070,1.2670,-0.66%,限制大额申购,开放赎回
2017-06-29,0.9090,1.2690,0.22%,限制大额申购,开放赎回
2017-06-30,0.9110,1.2710,0.22%,限制大额申购,开放赎回
2017-07-03,0.9180,1.2780,0.77%,限制大额申购,开放赎回
2017-07-04,0.9130,1.2730,-0.54%,限制大额申购,开放赎回
2017-07-05,0.9190,1.2790,0.66%,限制大额申购,开放赎回
2017-07-06,0.9200,1.2800,0.11%,限制大额申购,开放赎回
2017-07-07,0.9230,1.2830,0.33%,限制大额申购,开放赎回
2017-07-10,0.9180,1.2780,-0.54%,限制大额申购,开放赎回
2017-07-11,0.9090,1.2690,-0.98%,限制大额申购,开放赎回
2017-07-12,0.9080,1.2680,-0.11%,限制大额申购,开放赎回
2017-07-13,0.9080,1.2680,0.00%,限制大额申购,开放赎回
2017-07-14,0.9060,1.2660,-0.22%,限制大额申购,开放赎回
2017-07-17,0.8670,1.2270,-4.30%,限制大额申购,开放赎回
2017-07-18,0.8750,1.2350,0.92%,限制大额申购,开放赎回
2017-07-19,0.8910,1.2510,1.83%,限制大额申购,开放赎回
2017-07-20,0.8940,1.2540,0.34%,限制大额申购,开放赎回
2017-07-21,0.8930,1.2530,-0.11%,限制大额申购,开放赎回
2017-07-24,0.9010,1.2610,0.90%,限制大额申购,开放赎回
2017-07-25,0.8910,1.2510,-1.11%,限制大额申购,开放赎回
2017-07-26,0.8870,1.2470,-0.45%,限制大额申购,开放赎回
2017-07-27,0.8900,1.2500,0.34%,限制大额申购,开放赎回
2017-07-28,0.8930,1.2530,0.34%,限制大额申购,开放赎回
2017-07-31,0.9030,1.2630,1.12%,限制大额申购,开放赎回
2017-08-01,0.9020,1.2620,-0.11%,限制大额申购,开放赎回
2017-08-02,0.8950,1.2550,-0.78%,限制大额申购,开放赎回
2017-08-03,0.8910,1.2510,-0.45%,限制大额申购,开放赎回
2017-08-04,0.8880,1.2480,-0.34%,限制大额申购,开放赎回
2017-08-07,0.8930,1.2530,0.56%,限制大额申购,开放赎回
2017-08-08,0.8960,1.2560,0.34%,限制大额申购,开放赎回
2017-08-09,0.9010,1.2610,0.56%,限制大额申购,开放赎回
2017-08-10,0.8970,1.2570,-0.44%,限制大额申购,开放赎回
2017-08-11,0.8810,1.2410,-1.78%,限制大额申购,开放赎回
2017-08-14,0.8970,1.2570,1.82%,限制大额申购,开放赎回
2017-08-15,0.8970,1.2570,0.00%,限制大额申购,开放赎回
2017-08-16,0.8980,1.2580,0.11%,限制大额申购,开放赎回
2017-08-17,0.9000,1.2600,0.22%,限制大额申购,开放赎回
2017-08-18,0.9020,1.2620,0.22%,限制大额申购,开放赎回
2017-08-21,0.9080,1.2680,0.67%,限制大额申购,开放赎回
2017-08-22,0.9050,1.2650,-0.33%,限制大额申购,开放赎回
2017-08-23,0.9030,1.2630,-0.22%,限制大额申购,开放赎回
2017-08-24,0.8970,1.2570,-0.66%,限制大额申购,开放赎回
2017-08-25,0.9050,1.2650,0.89%,限制大额申购,开放赎回
2017-08-28,0.9160,1.2760,1.22%,限制大额申购,开放赎回
2017-08-29,0.9160,1.2760,0.00%,限制大额申购,开放赎回
2017-08-30,0.9210,1.2810,0.55%,限制大额申购,开放赎回
2017-08-31,0.9180,1.2780,-0.33%,限制大额申购,开放赎回
2017-09-01,0.9230,1.2830,0.54%,限制大额申购,开放赎回
2017-09-04,0.9280,1.2880,0.54%,限制大额申购,开放赎回
2017-09-05,0.9280,1.2880,0.00%,限制大额申购,开放赎回
2017-09-06,0.9270,1.2870,-0.11%,限制大额申购,开放赎回
2017-09-07,0.9210,1.2810,-0.65%,限制大额申购,开放赎回
2017-09-08,0.9230,1.2830,0.22%,限制大额申购,开放赎回
2017-09-11,0.9230,1.2830,0.00%,限制大额申购,开放赎回
2017-09-12,0.9250,1.2850,0.22%,限制大额申购,开放赎回
2017-09-13,0.9280,1.2880,0.32%,限制大额申购,开放赎回
2017-09-14,0.9260,1.2860,-0.22%,限制大额申购,开放赎回
2017-09-15,0.9190,1.2790,-0.76%,限制大额申购,开放赎回
2017-09-18,0.9270,1.2870,0.87%,限制大额申购,开放赎回
2017-09-19,0.9190,1.2790,-0.86%,限制大额申购,开放赎回
2017-09-20,0.9240,1.2840,0.54%,限制大额申购,开放赎回
2017-09-21,0.9180,1.2780,-0.65%,限制大额申购,开放赎回
2017-09-22,0.9150,1.2750,-0.33%,限制大额申购,开放赎回
2017-09-25,0.9130,1.2730,-0.22%,限制大额申购,开放赎回
2017-09-26,0.9170,1.2770,0.44%,限制大额申购,开放赎回
2017-09-27,0.9220,1.2820,0.55%,限制大额申购,开放赎回
2017-09-28,0.9220,1.2820,0.00%,限制大额申购,开放赎回
2017-09-29,0.9280,1.2880,0.65%,限制大额申购,开放赎回
2017-10-09,0.9390,1.2990,1.19%,限制大额申购,开放赎回
2017-10-10,0.9430,1.3030,0.43%,限制大额申购,开放赎回
2017-10-11,0.9480,1.3080,0.53%,限制大额申购,开放赎回
2017-10-12,0.9500,1.3100,0.21%,限制大额申购,开放赎回
2017-10-13,0.9550,1.3150,0.53%,限制大额申购,开放赎回
2017-10-16,0.9450,1.3050,-1.05%,限制大额申购,开放赎回
2017-10-17,0.9490,1.3090,0.42%,限制大额申购,开放赎回
2017-10-18,0.9500,1.3100,0.11%,限制大额申购,开放赎回
2017-10-19,0.9450,1.3050,-0.53%,限制大额申购,开放赎回
2017-10-20,0.9490,1.3090,0.42%,限制大额申购,开放赎回
2017-10-23,0.9550,1.3150,0.63%,限制大额申购,开放赎回
2017-10-24,0.9590,1.3190,0.42%,限制大额申购,开放赎回
2017-10-25,0.9670,1.3270,0.83%,限制大额申购,开放赎回
2017-10-26,0.9710,1.3310,0.41%,限制大额申购,开放赎回
2017-10-27,0.9700,1.3300,-0.10%,限制大额申购,开放赎回
2017-10-30,0.9600,1.3200,-1.03%,限制大额申购,开放赎回
2017-10-31,0.9600,1.3200,0.00%,限制大额申购,开放赎回
2017-11-01,0.9560,1.3160,-0.42%,限制大额申购,开放赎回
2017-11-02,0.9500,1.3100,-0.63%,限制大额申购,开放赎回
2017-11-03,0.9450,1.3050,-0.53%,限制大额申购,开放赎回
2017-11-06,0.9630,1.3230,1.90%,限制大额申购,开放赎回
2017-11-07,0.9680,1.3280,0.52%,限制大额申购,开放赎回
2017-11-08,0.9650,1.3250,-0.31%,限制大额申购,开放赎回
2017-11-09,0.9750,1.3350,1.04%,限制大额申购,开放赎回
2017-11-10,0.9870,1.3470,1.23%,限制大额申购,开放赎回
2017-11-13,0.9900,1.3500,0.30%,限制大额申购,开放赎回
2017-11-14,0.9810,1.3410,-0.91%,限制大额申购,开放赎回
2017-11-15,0.9740,1.3340,-0.71%,限制大额申购,开放赎回
2017-11-16,0.9860,1.3460,1.23%,限制大额申购,开放赎回
2017-11-17,0.9690,1.3290,-1.72%,限制大额申购,开放赎回
2017-11-20,0.9810,1.3410,1.24%,限制大额申购,开放赎回
2017-11-21,0.9950,1.3550,1.43%,限制大额申购,开放赎回
2017-11-22,0.9850,1.3450,-1.01%,限制大额申购,开放赎回
2017-11-23,0.9490,1.3090,-3.65%,限制大额申购,开放赎回
2017-11-24,0.9440,1.3040,-0.53%,限制大额申购,开放赎回
2017-11-27,0.9280,1.2880,-1.69%,限制大额申购,开放赎回
2017-11-28,0.9450,1.3050,1.83%,限制大额申购,开放赎回
2017-11-29,0.9460,1.3060,0.11%,限制大额申购,开放赎回
2017-11-30,0.9360,1.2960,-1.06%,限制大额申购,开放赎回
2017-12-01,0.9410,1.3010,0.53%,限制大额申购,开放赎回
2017-12-04,0.9520,1.3120,1.17%,限制大额申购,开放赎回
2017-12-05,0.9400,1.3000,-1.26%,限制大额申购,开放赎回
2017-12-06,0.9440,1.3040,0.43%,限制大额申购,开放赎回
2017-12-07,0.9330,1.2930,-1.17%,限制大额申购,开放赎回
2017-12-08,0.9470,1.3070,1.50%,限制大额申购,开放赎回
2017-12-11,0.9680,1.3280,2.22%,限制大额申购,开放赎回
2017-12-12,0.9590,1.3190,-0.93%,限制大额申购,开放赎回
2017-12-13,0.9680,1.3280,0.94%,限制大额申购,开放赎回
2017-12-14,0.9680,1.3280,0.00%,限制大额申购,开放赎回
2017-12-15,0.9550,1.3150,-1.34%,限制大额申购,开放赎回
2017-12-18,0.9560,1.3160,0.10%,限制大额申购,开放赎回
2017-12-19,0.9700,1.3300,1.46%,限制大额申购,开放赎回
2017-12-20,0.9690,1.3290,-0.10%,限制大额申购,开放赎回
2017-12-21,0.9840,1.3440,1.55%,限制大额申购,开放赎回
2017-12-22,0.9790,1.3390,-0.51%,限制大额申购,开放赎回
2017-12-25,0.9740,1.3340,-0.51%,限制大额申购,开放赎回
2017-12-26,0.9740,1.3340,0.00%,限制大额申购,开放赎回
2017-12-27,0.9590,1.3190,-1.54%,限制大额申购,开放赎回
2017-12-28,0.9670,1.3270,0.83%,限制大额申购,开放赎回
2017-12-29,0.9750,1.3350,0.83%,限制大额申购,开放赎回
2017-12-31,0.9750,1.3350,0%,限制大额申购,开放赎回
2018-01-02,0.9920,1.3520,1.74%,限制大额申购,开放赎回
2018-01-03,0.9990,1.3590,0.71%,限制大额申购,开放赎回
2018-01-04,1.0080,1.3680,0.90%,限制大额申购,开放赎回
2018-01-05,1.0030,1.3630,-0.50%,限制大额申购,开放赎回
2018-01-08,1.0060,1.3660,0.30%,限制大额申购,开放赎回
2018-01-09,1.0120,1.3720,0.60%,限制大额申购,开放赎回
2018-01-10,1.0100,1.3700,-0.20%,限制大额申购,开放赎回
2018-01-11,1.0030,1.3630,-0.69%,限制大额申购,开放赎回
2018-01-12,1.0050,1.3650,0.20%,限制大额申购,开放赎回
2018-01-15,0.9970,1.3570,-0.80%,限制大额申购,开放赎回
2018-01-16,1.0070,1.3670,1.00%,限制大额申购,开放赎回
2018-01-17,0.9960,1.3560,-1.09%,限制大额申购,开放赎回
2018-01-18,1.0060,1.3660,1.00%,限制大额申购,开放赎回
2018-01-19,1.0010,1.3610,-0.50%,限制大额申购,开放赎回
2018-01-22,1.0200,1.3800,1.90%,限制大额申购,开放赎回
2018-01-23,1.0230,1.3830,0.29%,限制大额申购,开放赎回
2018-01-24,1.0230,1.3830,0.00%,限制大额申购,开放赎回
2018-01-25,1.0180,1.3780,-0.49%,限制大额申购,开放赎回
2018-01-26,1.0180,1.3780,0.00%,限制大额申购,开放赎回
2018-01-29,0.9960,1.3560,-2.16%,限制大额申购,开放赎回
2018-01-30,0.9930,1.3530,-0.30%,限制大额申购,开放赎回
2018-01-31,0.9910,1.3510,-0.20%,限制大额申购,开放赎回
2018-02-01,0.9740,1.3340,-1.72%,限制大额申购,开放赎回
2018-02-02,0.9880,1.3480,1.44%,限制大额申购,开放赎回
2018-02-05,0.9810,1.3410,-0.71%,限制大额申购,开放赎回
2018-02-06,0.9400,1.3000,-4.18%,限制大额申购,开放赎回
2018-02-07,0.9230,1.2830,-1.81%,限制大额申购,开放赎回
2018-02-08,0.9310,1.2910,0.87%,限制大额申购,开放赎回
2018-02-09,0.8990,1.2590,-3.44%,限制大额申购,开放赎回
2018-02-12,0.9290,1.2890,3.34%,限制大额申购,开放赎回
2018-02-13,0.9380,1.2980,0.97%,限制大额申购,开放赎回
2018-02-14,0.9470,1.3070,0.96%,限制大额申购,开放赎回
2018-02-22,0.9730,1.3330,2.75%,限制大额申购,开放赎回
2018-02-23,0.9740,1.3340,0.10%,限制大额申购,开放赎回
2018-02-26,0.9910,1.3510,1.75%,限制大额申购,开放赎回
2018-02-27,0.9780,1.3380,-1.31%,限制大额申购,开放赎回
2018-02-28,0.9730,1.3330,-0.51%,限制大额申购,开放赎回
2018-03-01,0.9800,1.3400,0.72%,限制大额申购,开放赎回
2018-03-02,0.9710,1.3310,-0.92%,限制大额申购,开放赎回
2018-03-05,0.9670,1.3270,-0.41%,限制大额申购,开放赎回
2018-03-06,0.9850,1.3450,1.86%,限制大额申购,开放赎回
2018-03-07,0.9740,1.3340,-1.12%,限制大额申购,开放赎回
2018-03-08,0.9850,1.3450,1.13%,限制大额申购,开放赎回
2018-03-09,0.9960,1.3560,1.12%,限制大额申购,开放赎回
2018-03-12,1.0060,1.3660,1.00%,限制大额申购,开放赎回
2018-03-13,0.9930,1.3530,-1.29%,限制大额申购,开放赎回
2018-03-14,0.9920,1.3520,-0.10%,限制大额申购,开放赎回
2018-03-15,0.9970,1.3570,0.50%,限制大额申购,开放赎回
2018-03-16,0.9840,1.3440,-1.30%,限制大额申购,开放赎回
2018-03-19,0.9840,1.3440,0.00%,限制大额申购,开放赎回
2018-03-20,0.9870,1.3470,0.30%,限制大额申购,开放赎回
2018-03-21,0.9810,1.3410,-0.61%,限制大额申购,开放赎回
2018-03-22,0.9680,1.3280,-1.33%,限制大额申购,开放赎回
2018-03-23,0.9340,1.2940,-3.51%,限制大额申购,开放赎回
2018-03-26,0.9380,1.2980,0.43%,限制大额申购,开放赎回
2018-03-27,0.9480,1.3080,1.07%,限制大额申购,开放赎回
2018-03-28,0.9260,1.2860,-2.32%,限制大额申购,开放赎回
2018-03-29,0.9400,1.3000,1.51%,限制大额申购,开放赎回
2018-03-30,0.9470,1.3070,0.74%,限制大额申购,开放赎回
2018-04-02,0.9440,1.3040,-0.32%,限制大额申购,开放赎回
2018-04-03,0.9390,1.2990,-0.53%,限制大额申购,开放赎回
2018-04-04,0.9400,1.3000,0.11%,限制大额申购,开放赎回
2018-04-09,0.9350,1.2950,-0.53%,限制大额申购,开放赎回
2018-04-10,0.9490,1.3090,1.50%,限制大额申购,开放赎回
2018-04-11,0.9550,1.3150,0.63%,限制大额申购,开放赎回
2018-04-12,0.9490,1.3090,-0.63%,限制大额申购,开放赎回
2018-04-13,0.9410,1.3010,-0.84%,限制大额申购,开放赎回
2018-04-16,0.9310,1.2910,-1.06%,限制大额申购,开放赎回
2018-04-17,0.9120,1.2720,-2.04%,限制大额申购,开放赎回
2018-04-18,0.9090,1.2690,-0.33%,限制大额申购,开放赎回
2018-04-19,0.9200,1.2800,1.21%,限制大额申购,开放赎回
2018-04-20,0.9060,1.2660,-1.52%,限制大额申购,开放赎回
2018-04-23,0.9020,1.2620,-0.44%,限制大额申购,开放赎回
2018-04-24,0.9280,1.2880,2.88%,限制大额申购,开放赎回
2018-04-25,0.9310,1.2910,0.32%,限制大额申购,开放赎回
2018-04-26,0.9110,1.2710,-2.15%,限制大额申购,开放赎回
2018-04-27,0.9120,1.2720,0.11%,限制大额申购,开放赎回
2018-05-02,0.9180,1.2780,0.66%,限制大额申购,开放赎回
2018-05-03,0.9300,1.2900,1.31%,限制大额申购,开放赎回
2018-05-04,0.9300,1.2900,0.00%,限制大额申购,开放赎回
2018-05-07,0.9490,1.3090,2.04%,限制大额申购,开放赎回
2018-05-08,0.9600,1.3200,1.16%,限制大额申购,开放赎回
2018-05-09,0.9600,1.3200,0.00%,限制大额申购,开放赎回
2018-05-10,0.9680,1.3280,0.83%,限制大额申购,开放赎回
2018-05-11,0.9600,1.3200,-0.83%,限制大额申购,开放赎回
2018-05-14,0.9700,1.3300,1.04%,限制大额申购,开放赎回
2018-05-15,0.9750,1.3350,0.52%,限制大额申购,开放赎回
2018-05-16,0.9720,1.3320,-0.31%,限制大额申购,开放赎回
2018-05-17,0.9620,1.3220,-1.03%,限制大额申购,开放赎回
2018-05-18,0.9700,1.3300,0.83%,限制大额申购,开放赎回
2018-05-21,0.9780,1.3380,0.82%,限制大额申购,开放赎回
2018-05-22,0.9800,1.3400,0.20%,限制大额申购,开放赎回
2018-05-23,0.9650,1.3250,-1.53%,限制大额申购,开放赎回
2018-05-24,0.9570,1.3170,-0.83%,限制大额申购,开放赎回
2018-05-25,0.9530,1.3130,-0.42%,限制大额申购,开放赎回
2018-05-28,0.9650,1.3250,1.26%,限制大额申购,开放赎回
2018-05-29,0.9570,1.3170,-0.83%,限制大额申购,开放赎回
2018-05-30,0.9440,1.3040,-1.36%,限制大额申购,开放赎回
2018-05-31,0.9680,1.3280,2.54%,限制大额申购,开放赎回
2018-06-01,0.9550,1.3150,-1.34%,限制大额申购,开放赎回
2018-06-04,0.9660,1.3260,1.15%,限制大额申购,开放赎回
2018-06-05,0.9820,1.3420,1.66%,限制大额申购,开放赎回
2018-06-06,0.9840,1.3440,0.20%,限制大额申购,开放赎回
2018-06-07,0.9820,1.3420,-0.20%,限制大额申购,开放赎回
2018-06-08,0.9730,1.3330,-0.92%,限制大额申购,开放赎回
2018-06-11,0.9670,1.3270,-0.62%,限制大额申购,开放赎回
2018-06-12,0.9890,1.3490,2.28%,限制大额申购,开放赎回
2018-06-13,0.9790,1.3390,-1.01%,限制大额申购,开放赎回
2018-06-14,0.9710,1.3310,-0.82%,限制大额申购,开放赎回
2018-06-15,0.9630,1.3230,-0.82%,限制大额申购,开放赎回
2018-06-19,0.9240,1.2840,-4.05%,限制大额申购,开放赎回
2018-06-20,0.9370,1.2970,1.41%,限制大额申购,开放赎回
2018-06-21,0.9300,1.2900,-0.75%,限制大额申购,开放赎回
2018-06-22,0.9390,1.2990,0.97%,限制大额申购,开放赎回
2018-06-25,0.9310,1.2910,-0.85%,限制大额申购,开放赎回
2018-06-26,0.9230,1.2830,-0.86%,限制大额申购,开放赎回
2018-06-27,0.8990,1.2590,-2.60%,限制大额申购,开放赎回
2018-06-28,0.8840,1.2440,-1.67%,限制大额申购,开放赎回
2018-06-29,0.9120,1.2720,3.17%,限制大额申购,开放赎回
2018-06-30,0.9120,1.2720,0%,限制大额申购,开放赎回
2018-07-02,0.8940,1.2540,-1.97%,限制大额申购,开放赎回
2018-07-03,0.8880,1.2480,-0.67%,限制大额申购,开放赎回
2018-07-04,0.8750,1.2350,-1.46%,限制大额申购,开放赎回
2018-07-05,0.8590,1.2190,-1.83%,限制大额申购,开放赎回
2018-07-06,0.8650,1.2250,0.70%,限制大额申购,开放赎回
2018-07-09,0.8940,1.2540,3.35%,限制大额申购,开放赎回
2018-07-10,0.8990,1.2590,0.56%,限制大额申购,开放赎回
2018-07-11,0.8880,1.2480,-1.22%,限制大额申购,开放赎回
2018-07-12,0.9110,1.2710,2.59%,限制大额申购,开放赎回
2018-07-13,0.9240,1.2840,1.43%,限制大额申购,开放赎回
2018-07-16,0.9230,1.2830,-0.11%,限制大额申购,开放赎回
2018-07-17,0.9160,1.2760,-0.76%,限制大额申购,开放赎回
2018-07-18,0.9090,1.2690,-0.76%,限制大额申购,开放赎回
2018-07-19,0.9040,1.2640,-0.55%,限制大额申购,开放赎回
2018-07-20,0.9110,1.2710,0.77%,限制大额申购,开放赎回
2018-07-23,0.9050,1.2650,-0.66%,限制大额申购,开放赎回
2018-07-24,0.9170,1.2770,1.33%,限制大额申购,开放赎回
2018-07-25,0.9210,1.2810,0.44%,限制大额申购,开放赎回
2018-07-26,0.9060,1.2660,-1.63%,限制大额申购,开放赎回
2018-07-27,0.9040,1.2640,-0.22%,限制大额申购,开放赎回
2018-07-30,0.8940,1.2540,-1.11%,限制大额申购,开放赎回
2018-07-31,0.8950,1.2550,0.11%,限制大额申购,开放赎回
2018-08-01,0.8810,1.2410,-1.56%,限制大额申购,开放赎回
2018-08-02,0.8670,1.2270,-1.59%,限制大额申购,开放赎回
2018-08-03,0.8430,1.2030,-2.77%,限制大额申购,开放赎回
2018-08-06,0.8180,1.1780,-2.97%,限制大额申购,开放赎回
2018-08-07,0.8430,1.2030,3.06%,限制大额申购,开放赎回
2018-08-08,0.8270,1.1870,-1.90%,限制大额申购,开放赎回
2018-08-09,0.8520,1.2120,3.02%,限制大额申购,开放赎回
2018-08-10,0.8600,1.2200,0.94%,限制大额申购,开放赎回
2018-08-13,0.8650,1.2250,0.58%,限制大额申购,开放赎回
2018-08-14,0.8600,1.2200,-0.58%,限制大额申购,开放赎回
2018-08-15,0.8390,1.1990,-2.44%,限制大额申购,开放赎回
2018-08-16,0.8310,1.1910,-0.95%,限制大额申购,开放赎回
2018-08-17,0.8110,1.1710,-2.41%,限制大额申购,开放赎回
2018-08-20,0.8150,1.1750,0.49%,限制大额申购,开放赎回
2018-08-21,0.8390,1.1990,2.94%,限制大额申购,开放赎回
2018-08-22,0.8320,1.1920,-0.83%,限制大额申购,开放赎回
2018-08-23,0.8350,1.1950,0.36%,限制大额申购,开放赎回
2018-08-24,0.8350,1.1950,0.00%,限制大额申购,开放赎回
2018-08-27,0.8610,1.2210,3.11%,限制大额申购,开放赎回
2018-08-28,0.8590,1.2190,-0.23%,限制大额申购,开放赎回
2018-08-29,0.8530,1.2130,-0.70%,限制大额申购,开放赎回
2018-08-30,0.8420,1.2020,-1.29%,限制大额申购,开放赎回
2018-08-31,0.8310,1.1910,-1.31%,限制大额申购,开放赎回
2018-09-03,0.8290,1.1890,-0.24%,限制大额申购,开放赎回
2018-09-04,0.8360,1.1960,0.84%,限制大额申购,开放赎回
2018-09-05,0.8200,1.1800,-1.91%,限制大额申购,开放赎回
2018-09-06,0.8100,1.1700,-1.22%,限制大额申购,开放赎回
2018-09-07,0.8160,1.1760,0.74%,限制大额申购,开放赎回
2018-09-10,0.8010,1.1610,-1.84%,限制大额申购,开放赎回
2018-09-11,0.7960,1.1560,-0.62%,限制大额申购,开放赎回
2018-09-12,0.7840,1.1440,-1.51%,限制大额申购,开放赎回
2018-09-13,0.7850,1.1450,0.13%,限制大额申购,开放赎回
2018-09-14,0.7830,1.1430,-0.25%,限制大额申购,开放赎回
2018-09-17,0.7730,1.1330,-1.28%,限制大额申购,开放赎回
2018-09-18,0.7890,1.1490,2.07%,限制大额申购,开放赎回
2018-09-19,0.8020,1.1620,1.65%,限制大额申购,开放赎回
2018-09-20,0.8020,1.1620,0.00%,限制大额申购,开放赎回
2018-09-21,0.8220,1.1820,2.49%,限制大额申购,开放赎回
2018-09-25,0.8170,1.1770,-0.61%,限制大额申购,开放赎回
2018-09-26,0.8290,1.1890,1.47%,限制大额申购,开放赎回
2018-09-27,0.8270,1.1870,-0.24%,限制大额申购,开放赎回
2018-09-28,0.8340,1.1940,0.85%,限制大额申购,开放赎回
2018-10-08,0.7990,1.1590,-4.20%,限制大额申购,开放赎回
2018-10-09,0.7980,1.1580,-0.13%,限制大额申购,开放赎回
2018-10-10,0.7930,1.1530,-0.63%,限制大额申购,开放赎回
2018-10-11,0.7600,1.1200,-4.16%,限制大额申购,开放赎回
2018-10-12,0.7740,1.1340,1.84%,限制大额申购,开放赎回
2018-10-15,0.7610,1.1210,-1.68%,限制大额申购,开放赎回
2018-10-16,0.7440,1.1040,-2.23%,限制大额申购,开放赎回
2018-10-17,0.7470,1.1070,0.40%,限制大额申购,开放赎回
2018-10-18,0.7280,1.0880,-2.54%,限制大额申购,开放赎回
2018-10-19,0.7560,1.1160,3.85%,限制大额申购,开放赎回
2018-10-22,0.7920,1.1520,4.76%,限制大额申购,开放赎回
2018-10-23,0.7720,1.1320,-2.53%,限制大额申购,开放赎回
2018-10-24,0.7650,1.1250,-0.91%,限制大额申购,开放赎回
2018-10-25,0.7590,1.1190,-0.78%,限制大额申购,开放赎回
2018-10-26,0.7490,1.1090,-1.32%,限制大额申购,开放赎回
2018-10-29,0.7300,1.0900,-2.54%,限制大额申购,开放赎回
2018-10-30,0.7370,1.0970,0.96%,限制大额申购,开放赎回
2018-10-31,0.7510,1.1110,1.90%,限制大额申购,开放赎回
2018-11-01,0.7560,1.1160,0.67%,限制大额申购,开放赎回
2018-11-02,0.7860,1.1460,3.97%,限制大额申购,开放赎回
2018-11-05,0.7760,1.1360,-1.27%,限制大额申购,开放赎回
2018-11-06,0.7730,1.1330,-0.39%,限制大额申购,开放赎回
2018-11-07,0.7700,1.1300,-0.39%,限制大额申购,开放赎回
2018-11-08,0.7650,1.1250,-0.65%,限制大额申购,开放赎回
2018-11-09,0.7600,1.1200,-0.65%,限制大额申购,开放赎回
2018-11-12,0.7750,1.1350,1.97%,限制大额申购,开放赎回
2018-11-13,0.7830,1.1430,1.03%,限制大额申购,开放赎回
2018-11-14,0.7750,1.1350,-1.02%,限制大额申购,开放赎回
2018-11-15,0.7830,1.1430,1.03%,限制大额申购,开放赎回
2018-11-16,0.7840,1.1440,0.13%,限制大额申购,开放赎回
2018-11-19,0.7870,1.1470,0.38%,限制大额申购,开放赎回
2018-11-20,0.7690,1.1290,-2.29%,限制大额申购,开放赎回
2018-11-21,0.7710,1.1310,0.26%,限制大额申购,开放赎回
2018-11-22,0.7700,1.1300,-0.13%,限制大额申购,开放赎回
2018-11-23,0.7500,1.1100,-2.60%,限制大额申购,开放赎回
2018-11-26,0.7460,1.1060,-0.53%,限制大额申购,开放赎回
2018-11-27,0.7460,1.1060,0.00%,限制大额申购,开放赎回
2018-11-28,0.7550,1.1150,1.21%,限制大额申购,开放赎回
2018-11-29,0.7440,1.1040,-1.46%,限制大额申购,开放赎回
2018-11-30,0.7530,1.1130,1.21%,限制大额申购,开放赎回
2018-12-03,0.7780,1.1380,3.32%,限制大额申购,开放赎回
2018-12-04,0.7820,1.1420,0.51%,限制大额申购,开放赎回
2018-12-05,0.7800,1.1400,-0.26%,限制大额申购,开放赎回
2018-12-06,0.7630,1.1230,-2.18%,限制大额申购,开放赎回
2018-12-07,0.7630,1.1230,0.00%,限制大额申购,开放赎回
2018-12-10,0.7520,1.1120,-1.44%,限制大额申购,开放赎回
2018-12-11,0.7570,1.1170,0.66%,限制大额申购,开放赎回
2018-12-12,0.7570,1.1170,0.00%,限制大额申购,开放赎回
2018-12-13,0.7690,1.1290,1.59%,限制大额申购,开放赎回
2018-12-14,0.7530,1.1130,-2.08%,限制大额申购,开放赎回
2018-12-17,0.7480,1.1080,-0.66%,限制大额申购,开放赎回
2018-12-18,0.7420,1.1020,-0.80%,限制大额申购,开放赎回
2018-12-19,0.7300,1.0900,-1.62%,限制大额申购,开放赎回
2018-12-20,0.7280,1.0880,-0.27%,限制大额申购,开放赎回
2018-12-21,0.7210,1.0810,-0.96%,限制大额申购,开放赎回
2018-12-24,0.7300,1.0900,1.25%,限制大额申购,开放赎回
2018-12-25,0.7270,1.0870,-0.41%,限制大额申购,开放赎回
2018-12-26,0.7220,1.0820,-0.69%,限制大额申购,开放赎回
2018-12-27,0.7180,1.0780,-0.55%,限制大额申购,开放赎回
2018-12-28,0.7190,1.0790,0.14%,限制大额申购,开放赎回
2018-12-31,0.7190,1.0790,0%,限制大额申购,开放赎回
2019-01-02,0.7110,1.0710,-1.11%,限制大额申购,开放赎回
2019-01-03,0.7030,1.0630,-1.13%,限制大额申购,开放赎回
2019-01-04,0.7200,1.0800,2.42%,限制大额申购,开放赎回
2019-01-07,0.7310,1.0910,1.53%,限制大额申购,开放赎回
2019-01-08,0.7300,1.0900,-0.14%,限制大额申购,开放赎回
2019-01-09,0.7330,1.0930,0.41%,限制大额申购,开放赎回
2019-01-10,0.7330,1.0930,0.00%,限制大额申购,开放赎回
2019-01-11,0.7350,1.0950,0.27%,限制大额申购,开放赎回
2019-01-14,0.7300,1.0900,-0.68%,限制大额申购,开放赎回
2019-01-15,0.7460,1.1060,2.19%,限制大额申购,开放赎回
2019-01-16,0.7470,1.1070,0.13%,限制大额申购,开放赎回
2019-01-17,0.7410,1.1010,-0.80%,限制大额申购,开放赎回
2019-01-18,0.7510,1.1110,1.35%,限制大额申购,开放赎回
2019-01-21,0.7580,1.1180,0.93%,限制大额申购,开放赎回
2019-01-22,0.7480,1.1080,-1.32%,限制大额申购,开放赎回
2019-01-23,0.7510,1.1110,0.40%,限制大额申购,开放赎回
2019-01-24,0.7590,1.1190,1.07%,限制大额申购,开放赎回
2019-01-25,0.7630,1.1230,0.53%,限制大额申购,开放赎回
2019-01-28,0.7640,1.1240,0.13%,限制大额申购,开放赎回
2019-01-29,0.7630,1.1230,-0.13%,限制大额申购,开放赎回
2019-01-30,0.7550,1.1150,-1.05%,限制大额申购,开放赎回
2019-01-31,0.7530,1.1130,-0.26%,限制大额申购,开放赎回
2019-02-01,0.7720,1.1320,2.52%,限制大额申购,开放赎回
2019-02-11,0.7910,1.1510,2.46%,限制大额申购,开放赎回
2019-02-12,0.7970,1.1570,0.76%,限制大额申购,开放赎回
2019-02-13,0.8080,1.1680,1.38%,限制大额申购,开放赎回
2019-02-14,0.8120,1.1720,0.50%,限制大额申购,开放赎回
2019-02-15,0.8010,1.1610,-1.35%,限制大额申购,开放赎回
2019-02-18,0.8300,1.1900,3.62%,限制大额申购,开放赎回
2019-02-19,0.8270,1.1870,-0.36%,限制大额申购,开放赎回
2019-02-20,0.8230,1.1830,-0.48%,限制大额申购,开放赎回
2019-02-21,0.8240,1.1840,0.12%,限制大额申购,开放赎回
2019-02-22,0.8430,1.2030,2.31%,限制大额申购,开放赎回
2019-02-25,0.8880,1.2480,5.34%,限制大额申购,开放赎回
2019-02-26,0.8840,1.2440,-0.45%,限制大额申购,开放赎回
2019-02-27,0.8720,1.2320,-1.36%,限制大额申购,开放赎回
2019-02-28,0.8790,1.2390,0.80%,限制大额申购,开放赎回
2019-03-01,0.8920,1.2520,1.48%,限制大额申购,开放赎回
2019-03-04,0.9080,1.2680,1.79%,限制大额申购,开放赎回
2019-03-05,0.9230,1.2830,1.65%,限制大额申购,开放赎回
2019-03-06,0.9320,1.2920,0.98%,限制大额申购,开放赎回
2019-03-07,0.9320,1.2920,0.00%,限制大额申购,开放赎回
2019-03-08,0.9080,1.2680,-2.58%,限制大额申购,开放赎回
2019-03-11,0.9410,1.3010,3.63%,限制大额申购,开放赎回
2019-03-12,0.9580,1.3180,1.81%,限制大额申购,开放赎回
2019-03-13,0.9370,1.2970,-2.19%,限制大额申购,开放赎回
2019-03-14,0.9200,1.2800,-1.81%,限制大额申购,开放赎回
2019-03-15,0.9300,1.2900,1.09%,限制大额申购,开放赎回
2019-03-18,0.9560,1.3160,2.80%,限制大额申购,开放赎回
2019-03-19,0.9560,1.3160,0.00%,限制大额申购,开放赎回
2019-03-20,0.9500,1.3100,-0.63%,限制大额申购,开放赎回
2019-03-21,0.9540,1.3140,0.42%,限制大额申购,开放赎回
2019-03-22,0.9570,1.3170,0.31%,限制大额申购,开放赎回
2019-03-25,0.9470,1.3070,-1.04%,限制大额申购,开放赎回
2019-03-26,0.9320,1.2920,-1.58%,限制大额申购,开放赎回
2019-03-27,0.9400,1.3000,0.86%,限制大额申购,开放赎回
2019-03-28,0.9340,1.2940,-0.64%,限制大额申购,开放赎回
2019-03-29,0.9650,1.3250,3.32%,限制大额申购,开放赎回
2019-04-01,0.9910,1.3510,2.69%,限制大额申购,开放赎回
2019-04-02,0.9890,1.3490,-0.20%,限制大额申购,开放赎回
2019-04-03,0.9900,1.3500,0.10%,限制大额申购,开放赎回
2019-04-04,0.9920,1.3520,0.20%,限制大额申购,开放赎回
2019-04-08,0.9800,1.3400,-1.21%,限制大额申购,开放赎回
2019-04-09,0.9800,1.3400,0.00%,限制大额申购,开放赎回
2019-04-10,0.9800,1.3400,0.00%,限制大额申购,开放赎回
2019-04-11,0.9570,1.3170,-2.35%,限制大额申购,开放赎回
2019-04-12,0.9520,1.3120,-0.52%,限制大额申购,开放赎回
2019-04-15,0.9440,1.3040,-0.84%,限制大额申购,开放赎回
2019-04-16,0.9640,1.3240,2.12%,限制大额申购,开放赎回
2019-04-17,0.9690,1.3290,0.52%,限制大额申购,开放赎回
2019-04-18,0.9650,1.3250,-0.41%,限制大额申购,开放赎回
2019-04-19,0.9700,1.3300,0.52%,限制大额申购,开放赎回
2019-04-22,0.9570,1.3170,-1.34%,限制大额申购,开放赎回
2019-04-23,0.9470,1.3070,-1.04%,限制大额申购,开放赎回
2019-04-24,0.9610,1.3210,1.48%,限制大额申购,开放赎回
2019-04-25,0.9350,1.2950,-2.71%,限制大额申购,开放赎回
2019-04-26,0.9320,1.2920,-0.32%,限制大额申购,开放赎回
2019-04-29,0.9150,1.2750,-1.82%,限制大额申购,开放赎回
2019-04-30,0.9180,1.2780,0.33%,限制大额申购,开放赎回
2019-05-06,0.8560,1.2160,-6.75%,限制大额申购,开放赎回
2019-05-07,0.8640,1.2240,0.93%,限制大额申购,开放赎回
2019-05-08,0.8590,1.2190,-0.58%,限制大额申购,开放赎回
2019-05-09,0.8490,1.2090,-1.16%,限制大额申购,开放赎回
2019-05-10,0.8860,1.2460,4.36%,限制大额申购,开放赎回
2019-05-13,0.8750,1.2350,-1.24%,限制大额申购,开放赎回
2019-05-14,0.8710,1.2310,-0.46%,限制大额申购,开放赎回
2019-05-15,0.8900,1.2500,2.18%,限制大额申购,开放赎回
2019-05-16,0.8910,1.2510,0.11%,限制大额申购,开放赎回
2019-05-17,0.8660,1.2260,-2.81%,限制大额申购,开放赎回
2019-05-20,0.8640,1.2240,-0.23%,限制大额申购,开放赎回
2019-05-21,0.8740,1.2340,1.16%,限制大额申购,开放赎回
2019-05-22,0.8810,1.2410,0.80%,限制大额申购,开放赎回
2019-05-23,0.8560,1.2160,-2.84%,限制大额申购,开放赎回
2019-05-24,0.8500,1.2100,-0.70%,限制大额申购,开放赎回
2019-05-27,0.8730,1.2330,2.71%,限制大额申购,开放赎回
2019-05-28,0.8750,1.2350,0.23%,限制大额申购,开放赎回
2019-05-29,0.8730,1.2330,-0.23%,限制大额申购,开放赎回
2019-05-30,0.8640,1.2240,-1.03%,限制大额申购,开放赎回
2019-05-31,0.8650,1.2250,0.12%,限制大额申购,开放赎回
2019-06-03,0.8600,1.2200,-0.58%,限制大额申购,开放赎回
2019-06-04,0.8530,1.2130,-0.81%,限制大额申购,开放赎回
2019-06-05,0.8530,1.2130,0.00%,限制大额申购,开放赎回
2019-06-06,0.8380,1.1980,-1.76%,限制大额申购,开放赎回
2019-06-10,0.8500,1.2100,1.43%,限制大额申购,开放赎回
2019-06-11,0.8820,1.2420,3.76%,限制大额申购,开放赎回
2019-06-12,0.8770,1.2370,-0.57%,限制大额申购,开放赎回
2019-06-13,0.8800,1.2400,0.34%,限制大额申购,开放赎回
2019-06-14,0.8650,1.2250,-1.70%,限制大额申购,开放赎回
2019-06-17,0.8620,1.2220,-0.35%,限制大额申购,开放赎回
2019-06-18,0.8650,1.2250,0.35%,限制大额申购,开放赎回
2019-06-19,0.8780,1.2380,1.50%,限制大额申购,开放赎回
2019-06-20,0.8980,1.2580,2.28%,限制大额申购,开放赎回
2019-06-21,0.9140,1.2740,1.78%,限制大额申购,开放赎回
2019-06-24,0.9120,1.2720,-0.22%,限制大额申购,开放赎回
2019-06-25,0.9040,1.2640,-0.88%,限制大额申购,开放赎回
2019-06-26,0.9050,1.2650,0.11%,限制大额申购,开放赎回
2019-06-27,0.9220,1.2820,1.88%,限制大额申购,开放赎回
2019-06-28,0.9180,1.2780,-0.43%,限制大额申购,开放赎回
2019-06-30,0.9180,1.2780,0%,限制大额申购,开放赎回
2019-07-01,0.9530,1.3130,3.81%,限制大额申购,开放赎回
2019-07-02,0.9490,1.3090,-0.42%,限制大额申购,开放赎回
2019-07-03,0.9340,1.2940,-1.58%,限制大额申购,开放赎回
2019-07-04,0.9240,1.2840,-1.07%,限制大额申购,开放赎回
2019-07-05,0.9300,1.2900,0.65%,限制大额申购,开放赎回
2019-07-08,0.9050,1.2650,-2.69%,限制大额申购,开放赎回
2019-07-09,0.9050,1.2650,0.00%,限制大额申购,开放赎回
2019-07-10,0.9040,1.2640,-0.11%,限制大额申购,开放赎回
2019-07-11,0.9020,1.2620,-0.22%,限制大额申购,开放赎回
2019-07-12,0.9050,1.2650,0.33%,限制大额申购,开放赎回
2019-07-15,0.9210,1.2810,1.77%,限制大额申购,开放赎回
2019-07-16,0.9210,1.2810,0.00%,限制大额申购,开放赎回
2019-07-17,0.9230,1.2830,0.22%,限制大额申购,开放赎回
2019-07-18,0.9070,1.2670,-1.73%,限制大额申购,开放赎回
2019-07-19,0.9120,1.2720,0.55%,限制大额申购,开放赎回
2019-07-22,0.9080,1.2680,-0.44%,限制大额申购,开放赎回
2019-07-23,0.9210,1.2810,1.43%,限制大额申购,开放赎回
2019-07-24,0.9360,1.2960,1.63%,限制大额申购,开放赎回
2019-07-25,0.9510,1.3110,1.60%,限制大额申购,开放赎回
2019-07-26,0.9520,1.3120,0.11%,限制大额申购,开放赎回
2019-07-29,0.9580,1.3180,0.63%,限制大额申购,开放赎回
2019-07-30,0.9570,1.3170,-0.10%,限制大额申购,开放赎回
2019-07-31,0.9550,1.3150,-0.21%,限制大额申购,开放赎回
2019-08-01,0.9530,1.3130,-0.21%,限制大额申购,开放赎回
2019-08-02,0.9430,1.3030,-1.05%,限制大额申购,开放赎回
2019-08-05,0.9300,1.2900,-1.38%,限制大额申购,开放赎回
2019-08-06,0.9210,1.2810,-0.97%,限制大额申购,开放赎回
2019-08-07,0.9090,1.2690,-1.30%,限制大额申购,开放赎回
2019-08-08,0.9250,1.2850,1.76%,限制大额申购,开放赎回
2019-08-09,0.9150,1.2750,-1.08%,限制大额申购,开放赎回
2019-08-12,0.9460,1.3060,3.39%,限制大额申购,开放赎回
2019-08-13,0.9380,1.2980,-0.85%,限制大额申购,开放赎回
2019-08-14,0.9440,1.3040,0.64%,限制大额申购,开放赎回
2019-08-15,0.9560,1.3160,1.27%,限制大额申购,开放赎回
2019-08-16,0.9640,1.3240,0.84%,限制大额申购,开放赎回
2019-08-19,1.0000,1.3600,3.73%,限制大额申购,开放赎回
2019-08-20,0.9990,1.3590,-0.10%,限制大额申购,开放赎回
2019-08-21,1.0060,1.3660,0.70%,限制大额申购,开放赎回
2019-08-22,1.0060,1.3660,0.00%,限制大额申购,开放赎回
2019-08-23,1.0060,1.3660,0.00%,限制大额申购,开放赎回
2019-08-26,0.9960,1.3560,-0.99%,限制大额申购,开放赎回
2019-08-27,1.0150,1.3750,1.91%,限制大额申购,开放赎回
2019-08-28,1.0110,1.3710,-0.39%,限制大额申购,开放赎回
2019-08-29,1.0200,1.3800,0.89%,限制大额申购,开放赎回
2019-08-30,1.0080,1.3680,-1.18%,限制大额申购,开放赎回
2019-09-02,1.0410,1.4010,3.27%,限制大额申购,开放赎回
2019-09-03,1.0590,1.4190,1.73%,限制大额申购,开放赎回
2019-09-04,1.0700,1.4300,1.04%,限制大额申购,开放赎回
2019-09-05,1.0880,1.4480,1.68%,限制大额申购,开放赎回
2019-09-06,1.0950,1.4550,0.64%,限制大额申购,开放赎回
2019-09-09,1.1290,1.4890,3.11%,限制大额申购,开放赎回
2019-09-10,1.1140,1.4740,-1.33%,限制大额申购,开放赎回
2019-09-11,1.1020,1.4620,-1.08%,限制大额申购,开放赎回
2019-09-12,1.1080,1.4680,0.54%,限制大额申购,开放赎回
2019-09-16,1.1190,1.4790,0.99%,限制大额申购,开放赎回
2019-09-17,1.0940,1.4540,-2.23%,限制大额申购,开放赎回
2019-09-18,1.0980,1.4580,0.37%,限制大额申购,开放赎回
2019-09-19,1.1160,1.4760,1.64%,限制大额申购,开放赎回
2019-09-20,1.1230,1.4830,0.63%,限制大额申购,开放赎回
2019-09-23,1.1220,1.4820,-0.09%,限制大额申购,开放赎回
2019-09-24,1.1320,1.4920,0.89%,限制大额申购,开放赎回
2019-09-25,1.1010,1.4610,-2.74%,限制大额申购,开放赎回
2019-09-26,1.0650,1.4250,-3.27%,限制大额申购,开放赎回
2019-09-27,1.0770,1.4370,1.13%,限制大额申购,开放赎回
2019-09-30,1.0570,1.4170,-1.86%,限制大额申购,开放赎回
2019-10-08,1.0450,1.4050,-1.14%,限制大额申购,开放赎回
2019-10-09,1.0520,1.4120,0.67%,限制大额申购,开放赎回
2019-10-10,1.0780,1.4380,2.47%,限制大额申购,开放赎回
2019-10-11,1.0790,1.4390,0.09%,限制大额申购,开放赎回
2019-10-14,1.0970,1.4570,1.67%,限制大额申购,开放赎回
2019-10-15,1.0750,1.4350,-2.01%,限制大额申购,开放赎回
2019-10-16,1.0720,1.4320,-0.28%,限制大额申购,开放赎回
2019-10-17,1.0760,1.4360,0.37%,限制大额申购,开放赎回
2019-10-18,1.0580,1.4180,-1.67%,限制大额申购,开放赎回
2019-10-21,1.0540,1.4140,-0.38%,限制大额申购,开放赎回
2019-10-22,1.0740,1.4340,1.90%,限制大额申购,开放赎回
2019-10-23,1.0610,1.4210,-1.21%,限制大额申购,开放赎回
2019-10-24,1.0520,1.4120,-0.85%,限制大额申购,开放赎回
2019-10-25,1.0660,1.4260,1.33%,限制大额申购,开放赎回
2019-10-28,1.0970,1.4570,2.91%,限制大额申购,开放赎回
2019-10-29,1.0760,1.4360,-1.91%,限制大额申购,开放赎回
2019-10-30,1.0760,1.4360,0.00%,限制大额申购,开放赎回
2019-10-31,1.0680,1.4280,-0.74%,限制大额申购,开放赎回
2019-11-01,1.0800,1.4400,1.12%,限制大额申购,开放赎回
2019-11-04,1.0960,1.4560,1.48%,限制大额申购,开放赎回
2019-11-05,1.1050,1.4650,0.82%,限制大额申购,开放赎回
2019-11-06,1.0890,1.4490,-1.45%,限制大额申购,开放赎回
2019-11-07,1.0960,1.4560,0.64%,限制大额申购,开放赎回
2019-11-08,1.1000,1.4600,0.37%,限制大额申购,开放赎回
2019-11-11,1.0780,1.4380,-2.00%,限制大额申购,开放赎回
2019-11-12,1.0730,1.4330,-0.46%,限制大额申购,开放赎回
2019-11-13,1.0860,1.4460,1.21%,限制大额申购,开放赎回
2019-11-14,1.1000,1.4600,1.29%,限制大额申购,开放赎回
2019-11-15,1.0950,1.4550,-0.45%,限制大额申购,开放赎回
2019-11-18,1.0990,1.4590,0.37%,限制大额申购,开放赎回
2019-11-19,1.1200,1.4800,1.91%,限制大额申购,开放赎回
2019-11-20,1.1150,1.4750,-0.45%,限制大额申购,开放赎回
2019-11-21,1.1100,1.4700,-0.45%,限制大额申购,开放赎回
2019-11-22,1.0840,1.4440,-2.34%,限制大额申购,开放赎回
2019-11-25,1.0580,1.4180,-2.40%,限制大额申购,开放赎回
2019-11-26,1.0660,1.4260,0.76%,限制大额申购,开放赎回
2019-11-27,1.0740,1.4340,0.75%,限制大额申购,开放赎回
2019-11-28,1.0740,1.4340,0.00%,限制大额申购,开放赎回
2019-11-29,1.0690,1.4290,-0.47%,限制大额申购,开放赎回
2019-12-02,1.0740,1.4340,0.47%,限制大额申购,开放赎回
2019-12-03,1.0830,1.4430,0.84%,限制大额申购,开放赎回
2019-12-04,1.0860,1.4460,0.28%,限制大额申购,开放赎回
2019-12-05,1.1070,1.4670,1.93%,限制大额申购,开放赎回
2019-12-06,1.1230,1.4830,1.45%,限制大额申购,开放赎回
2019-12-09,1.1230,1.4830,0.00%,限制大额申购,开放赎回
2019-12-10,1.1390,1.4990,1.42%,限制大额申购,开放赎回
2019-12-11,1.1300,1.4900,-0.79%,限制大额申购,开放赎回
2019-12-12,1.1370,1.4970,0.62%,限制大额申购,开放赎回
2019-12-13,1.1540,1.5140,1.50%,限制大额申购,开放赎回
2019-12-16,1.1760,1.5360,1.91%,限制大额申购,开放赎回
2019-12-17,1.1860,1.5460,0.85%,限制大额申购,开放赎回
2019-12-18,1.1800,1.5400,-0.51%,限制大额申购,开放赎回
2019-12-19,1.1670,1.5270,-1.10%,限制大额申购,开放赎回
2019-12-20,1.1520,1.5120,-1.29%,限制大额申购,开放赎回
2019-12-23,1.1220,1.4820,-2.60%,限制大额申购,开放赎回
2019-12-24,1.1450,1.5050,2.05%,限制大额申购,开放赎回
2019-12-25,1.1600,1.5200,1.31%,限制大额申购,开放赎回
2019-12-26,1.1680,1.5280,0.69%,限制大额申购,开放赎回
2019-12-27,1.1430,1.5030,-2.14%,限制大额申购,开放赎回
2019-12-30,1.1540,1.5140,0.96%,限制大额申购,开放赎回
2019-12-31,1.1580,1.5180,0.35%,限制大额申购,开放赎回
2020-01-02,1.1870,1.5470,2.50%,限制大额申购,开放赎回
2020-01-03,1.1850,1.5450,-0.17%,限制大额申购,开放赎回
2020-01-06,1.1930,1.5530,0.68%,限制大额申购,开放赎回
2020-01-07,1.2080,1.5680,1.26%,限制大额申购,开放赎回
2020-01-08,1.1890,1.5490,-1.57%,限制大额申购,开放赎回
2020-01-09,1.2200,1.5800,2.61%,限制大额申购,开放赎回
2020-01-10,1.2220,1.5820,0.16%,限制大额申购,开放赎回
2020-01-13,1.2540,1.6140,2.62%,限制大额申购,开放赎回
2020-01-14,1.2450,1.6050,-0.72%,限制大额申购,开放赎回
2020-01-15,1.2540,1.6140,0.72%,限制大额申购,开放赎回
2020-01-16,1.2560,1.6160,0.16%,限制大额申购,开放赎回
2020-01-17,1.2570,1.6170,0.08%,限制大额申购,开放赎回
2020-01-20,1.2980,1.6580,3.26%,限制大额申购,开放赎回
2020-01-21,1.2900,1.6500,-0.62%,限制大额申购,开放赎回
2020-01-22,1.3230,1.6830,2.56%,限制大额申购,开放赎回
2020-01-23,1.2730,1.6330,-3.78%,限制大额申购,开放赎回
2020-02-03,1.1630,1.5230,-8.64%,限制大额申购,开放赎回
2020-02-04,1.2050,1.5650,3.61%,限制大额申购,开放赎回
2020-02-05,1.2260,1.5860,1.74%,限制大额申购,开放赎回
2020-02-06,1.2730,1.6330,3.83%,限制大额申购,开放赎回
2020-02-07,1.3060,1.6660,2.59%,限制大额申购,开放赎回
2020-02-10,1.3080,1.6680,0.15%,限制大额申购,开放赎回
2020-02-11,1.3080,1.6680,0.00%,限制大额申购,开放赎回
2020-02-12,1.3480,1.7080,3.06%,限制大额申购,开放赎回
2020-02-13,1.3430,1.7030,-0.37%,限制大额申购,开放赎回
2020-02-14,1.3520,1.7120,0.67%,限制大额申购,开放赎回
2020-02-17,1.4080,1.7680,4.14%,限制大额申购,开放赎回
2020-02-18,1.4420,1.8020,2.41%,限制大额申购,开放赎回
2020-02-19,1.4270,1.7870,-1.04%,限制大额申购,开放赎回
2020-02-20,1.4610,1.8210,2.38%,限制大额申购,开放赎回
2020-02-21,1.4990,1.8590,2.60%,限制大额申购,开放赎回
2020-02-24,1.5660,1.9260,4.47%,限制大额申购,开放赎回
2020-02-25,1.5880,1.9480,1.40%,限制大额申购,开放赎回
2020-02-26,1.4900,1.8500,-6.17%,限制大额申购,开放赎回
2020-02-27,1.4910,1.8510,0.07%,限制大额申购,开放赎回
2020-02-28,1.3950,1.7550,-6.44%,限制大额申购,开放赎回
2020-03-02,1.4440,1.8040,3.51%,限制大额申购,开放赎回
2020-03-03,1.4560,1.8160,0.83%,限制大额申购,开放赎回
2020-03-04,1.4340,1.7940,-1.51%,限制大额申购,开放赎回
2020-03-05,1.4370,1.7970,0.21%,限制大额申购,开放赎回
2020-03-06,1.4210,1.7810,-1.11%,限制大额申购,开放赎回
2020-03-09,1.3340,1.6940,-6.12%,限制大额申购,开放赎回
2020-03-10,1.4050,1.7650,5.32%,限制大额申购,开放赎回
2020-03-11,1.3660,1.7260,-2.78%,限制大额申购,开放赎回
2020-03-12,1.3450,1.7050,-1.54%,限制大额申购,开放赎回
2020-03-13,1.3550,1.7150,0.74%,限制大额申购,开放赎回
2020-03-16,1.2610,1.6210,-6.94%,限制大额申购,开放赎回
2020-03-17,1.2730,1.6330,0.95%,限制大额申购,开放赎回
2020-03-18,1.2490,1.6090,-1.89%,限制大额申购,开放赎回
2020-03-19,1.2830,1.6430,2.72%,限制大额申购,开放赎回
2020-03-20,1.2760,1.6360,-0.55%,限制大额申购,开放赎回
2020-03-23,1.2000,1.5600,-5.96%,限制大额申购,开放赎回
2020-03-24,1.2200,1.5800,1.67%,限制大额申购,开放赎回
2020-03-25,1.2450,1.6050,2.05%,限制大额申购,开放赎回
2020-03-26,1.2230,1.5830,-1.77%,限制大额申购,开放赎回
2020-03-27,1.1990,1.5590,-1.96%,限制大额申购,开放赎回
2020-03-30,1.1520,1.5120,-3.92%,限制大额申购,开放赎回
2020-03-31,1.1440,1.5040,-0.69%,限制大额申购,开放赎回
2020-04-01,1.1490,1.5090,0.44%,限制大额申购,开放赎回
2020-04-02,1.2080,1.5680,5.13%,限制大额申购,开放赎回
2020-04-03,1.1920,1.5520,-1.32%,限制大额申购,开放赎回
2020-04-07,1.2280,1.5880,3.02%,限制大额申购,开放赎回
2020-04-08,1.2330,1.5930,0.41%,限制大额申购,开放赎回
2020-04-09,1.2370,1.5970,0.32%,限制大额申购,开放赎回
2020-04-10,1.1860,1.5460,-4.12%,限制大额申购,开放赎回
2020-04-13,1.1570,1.5170,-2.45%,限制大额申购,开放赎回
2020-04-14,1.1960,1.5560,3.37%,限制大额申购,开放赎回
2020-04-15,1.1970,1.5570,0.08%,限制大额申购,开放赎回
2020-04-16,1.2120,1.5720,1.25%,限制大额申购,开放赎回
2020-04-17,1.2260,1.5860,1.16%,限制大额申购,开放赎回
2020-04-20,1.2460,1.6060,1.63%,限制大额申购,开放赎回
2020-04-21,1.2360,1.5960,-0.80%,限制大额申购,开放赎回
2020-04-22,1.2420,1.6020,0.49%,限制大额申购,开放赎回
2020-04-23,1.2190,1.5790,-1.85%,限制大额申购,开放赎回
2020-04-24,1.1970,1.5570,-1.80%,限制大额申购,开放赎回
2020-04-27,1.1960,1.5560,-0.08%,限制大额申购,开放赎回
2020-04-28,1.2070,1.5670,0.92%,限制大额申购,开放赎回
2020-04-29,1.2100,1.5700,0.25%,限制大额申购,开放赎回
2020-04-30,1.2750,1.6350,5.37%,限制大额申购,开放赎回
2020-05-06,1.3200,1.6800,3.53%,限制大额申购,开放赎回
2020-05-07,1.3140,1.6740,-0.45%,限制大额申购,开放赎回
2020-05-08,1.3310,1.6910,1.29%,限制大额申购,开放赎回
2020-05-11,1.3260,1.6860,-0.38%,限制大额申购,开放赎回
2020-05-12,1.3370,1.6970,0.83%,限制大额申购,开放赎回
2020-05-13,1.3410,1.7010,0.30%,限制大额申购,开放赎回
2020-05-14,1.3310,1.6910,-0.75%,限制大额申购,开放赎回
2020-05-15,1.3480,1.7080,1.28%,限制大额申购,开放赎回
2020-05-18,1.3050,1.6650,-3.19%,限制大额申购,开放赎回
2020-05-19,1.3410,1.7010,2.76%,限制大额申购,开放赎回
2020-05-20,1.3130,1.6730,-2.09%,限制大额申购,开放赎回
2020-05-21,1.2740,1.6340,-2.97%,限制大额申购,开放赎回
2020-05-22,1.2440,1.6040,-2.35%,限制大额申购,开放赎回
2020-05-25,1.2250,1.5850,-1.53%,限制大额申购,开放赎回
2020-05-26,1.2610,1.6210,2.94%,限制大额申购,开放赎回
2020-05-27,1.2350,1.5950,-2.06%,限制大额申购,开放赎回
2020-05-28,1.2350,1.5950,0.00%,限制大额申购,开放赎回
2020-05-29,1.2390,1.5990,0.32%,限制大额申购,开放赎回
2020-06-01,1.2980,1.6580,4.76%,限制大额申购,开放赎回
2020-06-02,1.3000,1.6600,0.15%,限制大额申购,开放赎回
2020-06-03,1.3010,1.6610,0.08%,限制大额申购,开放赎回
2020-06-04,1.2920,1.6520,-0.69%,限制大额申购,开放赎回
2020-06-05,1.3010,1.6610,0.70%,限制大额申购,开放赎回
2020-06-08,1.2970,1.6570,-0.31%,限制大额申购,开放赎回
2020-06-09,1.3080,1.6680,0.85%,限制大额申购,开放赎回
2020-06-10,1.3070,1.6670,-0.08%,限制大额申购,开放赎回
2020-06-11,1.3070,1.6670,0.00%,限制大额申购,开放赎回
2020-06-12,1.3000,1.6600,-0.54%,限制大额申购,开放赎回
2020-06-15,1.2810,1.6410,-1.46%,限制大额申购,开放赎回
2020-06-16,1.3210,1.6810,3.12%,限制大额申购,开放赎回
2020-06-17,1.3180,1.6780,-0.23%,限制大额申购,开放赎回
2020-06-18,1.3390,1.6990,1.59%,限制大额申购,开放赎回
2020-06-19,1.3510,1.7110,0.90%,限制大额申购,开放赎回
2020-06-22,1.3750,1.7350,1.78%,限制大额申购,开放赎回
2020-06-23,1.3930,1.7530,1.31%,限制大额申购,开放赎回
2020-06-24,1.3980,1.7580,0.36%,限制大额申购,开放赎回
2020-06-29,1.3820,1.7420,-1.14%,限制大额申购,开放赎回
2020-06-30,1.4230,1.7830,2.97%,限制大额申购,开放赎回
2020-07-01,1.4230,1.7830,0.00%,限制大额申购,开放赎回
2020-07-02,1.4350,1.7950,0.84%,限制大额申购,开放赎回
2020-07-03,1.4470,1.8070,0.84%,限制大额申购,开放赎回
2020-07-06,1.5110,1.8710,4.42%,限制大额申购,开放赎回
2020-07-07,1.5480,1.9080,2.45%,限制大额申购,开放赎回
2020-07-08,1.5950,1.9550,3.04%,限制大额申购,开放赎回
2020-07-09,1.6420,2.0020,2.95%,限制大额申购,开放赎回
2020-07-10,1.6420,2.0020,0.00%,限制大额申购,开放赎回
2020-07-13,1.6910,2.0510,2.98%,限制大额申购,开放赎回
2020-07-14,1.6580,2.0180,-1.95%,限制大额申购,开放赎回
2020-07-15,1.5990,1.9590,-3.56%,限制大额申购,开放赎回
2020-07-16,1.5180,1.8780,-5.07%,限制大额申购,开放赎回
2020-07-17,1.5190,1.8790,0.07%,限制大额申购,开放赎回
2020-07-20,1.5530,1.9130,2.24%,限制大额申购,开放赎回
2020-07-21,1.5620,1.9220,0.58%,限制大额申购,开放赎回
2020-07-22,1.5830,1.9430,1.34%,限制大额申购,开放赎回
2020-07-23,1.5710,1.9310,-0.76%,限制大额申购,开放赎回
2020-07-24,1.4760,1.8360,-6.05%,限制大额申购,开放赎回
2020-07-27,1.4740,1.8340,-0.14%,限制大额申购,开放赎回
2020-07-28,1.4940,1.8540,1.36%,限制大额申购,开放赎回
2020-07-29,1.5470,1.9070,3.55%,限制大额申购,开放赎回
2020-07-30,1.5270,1.8870,-1.29%,限制大额申购,开放赎回
2020-07-31,1.5570,1.9170,1.96%,限制大额申购,开放赎回
2020-08-03,1.6010,1.9610,2.83%,限制大额申购,开放赎回
2020-08-04,1.5780,1.9380,-1.44%,限制大额申购,开放赎回
2020-08-05,1.5920,1.9520,0.89%,限制大额申购,开放赎回
2020-08-06,1.5880,1.9480,-0.25%,限制大额申购,开放赎回
2020-08-07,1.5530,1.9130,-2.20%,限制大额申购,开放赎回
2020-08-10,1.5510,1.9110,-0.13%,限制大额申购,开放赎回
2020-08-11,1.5160,1.8760,-2.26%,限制大额申购,开放赎回
2020-08-12,1.4970,1.8570,-1.25%,限制大额申购,开放赎回
2020-08-13,1.4930,1.8530,-0.27%,限制大额申购,开放赎回
2020-08-14,1.5160,1.8760,1.54%,限制大额申购,开放赎回
2020-08-17,1.5450,1.9050,1.91%,限制大额申购,开放赎回
2020-08-18,1.5480,1.9080,0.19%,限制大额申购,开放赎回
2020-08-19,1.5050,1.8650,-2.78%,限制大额申购,开放赎回
2020-08-20,1.4910,1.8510,-0.93%,限制大额申购,开放赎回
2020-08-21,1.5070,1.8670,1.07%,限制大额申购,开放赎回
2020-08-24,1.5370,1.8970,1.99%,限制大额申购,开放赎回
2020-08-25,1.5410,1.9010,0.26%,限制大额申购,开放赎回
2020-08-26,1.5010,1.8610,-2.60%,限制大额申购,开放赎回
2020-08-27,1.5230,1.8830,1.47%,限制大额申购,开放赎回
2020-08-28,1.5520,1.9120,1.90%,限制大额申购,开放赎回
2020-08-31,1.5450,1.9050,-0.45%,限制大额申购,开放赎回
2020-09-01,1.5540,1.9140,0.58%,限制大额申购,开放赎回
2020-09-02,1.5600,1.9200,0.39%,限制大额申购,开放赎回
2020-09-03,1.5460,1.9060,-0.90%,限制大额申购,开放赎回
2020-09-04,1.5340,1.8940,-0.78%,限制大额申购,开放赎回
2020-09-07,1.4840,1.8440,-3.26%,限制大额申购,开放赎回
2020-09-08,1.4750,1.8350,-0.61%,限制大额申购,开放赎回
2020-09-09,1.4220,1.7820,-3.59%,限制大额申购,开放赎回
2020-09-10,1.4030,1.7630,-1.34%,限制大额申购,开放赎回
2020-09-11,1.4390,1.7990,2.57%,限制大额申购,开放赎回
2020-09-14,1.4550,1.8150,1.11%,限制大额申购,开放赎回
2020-09-15,1.4640,1.8240,0.62%,限制大额申购,开放赎回
2020-09-16,1.4510,1.8110,-0.89%,限制大额申购,开放赎回
2020-09-17,1.4560,1.8160,0.34%,限制大额申购,开放赎回
2020-09-18,1.4760,1.8360,1.37%,限制大额申购,开放赎回
2020-09-21,1.4650,1.8250,-0.75%,限制大额申购,开放赎回
2020-09-22,1.4490,1.8090,-1.09%,限制大额申购,开放赎回
2020-09-23,1.4620,1.8220,0.90%,限制大额申购,开放赎回
2020-09-24,1.4220,1.7820,-2.74%,限制大额申购,开放赎回
2020-09-25,1.4230,1.7830,0.07%,限制大额申购,开放赎回
2020-09-28,1.4190,1.7790,-0.28%,限制大额申购,开放赎回
2020-09-29,1.4370,1.7970,1.27%,限制大额申购,开放赎回
2020-09-30,1.4380,1.7980,0.07%,限制大额申购,开放赎回
2020-10-09,1.4830,1.8430,3.13%,限制大额申购,开放赎回
2020-10-12,1.5340,1.8940,3.44%,限制大额申购,开放赎回
2020-10-13,1.5400,1.9000,0.39%,限制大额申购,开放赎回
2020-10-14,1.5230,1.8830,-1.10%,限制大额申购,开放赎回
2020-10-15,1.5110,1.8710,-0.79%,限制大额申购,开放赎回
2020-10-16,1.5000,1.8600,-0.73%,限制大额申购,开放赎回
2020-10-19,1.4840,1.8440,-1.07%,限制大额申购,开放赎回
2020-10-20,1.5020,1.8620,1.21%,限制大额申购,开放赎回
2020-10-21,1.4790,1.8390,-1.53%,限制大额申购,开放赎回
2020-10-22,1.4700,1.8300,-0.61%,限制大额申购,开放赎回
2020-10-23,1.4360,1.7960,-2.31%,限制大额申购,开放赎回
2020-10-26,1.4430,1.8030,0.49%,限制大额申购,开放赎回
2020-10-27,1.4530,1.8130,0.69%,限制大额申购,开放赎回
2020-10-28,1.4640,1.8240,0.76%,限制大额申购,开放赎回
2020-10-29,1.4680,1.8280,0.27%,限制大额申购,开放赎回
2020-10-30,1.4420,1.8020,-1.77%,限制大额申购,开放赎回
2020-11-02,1.4610,1.8210,1.32%,限制大额申购,开放赎回
2020-11-03,1.4780,1.8380,1.16%,限制大额申购,开放赎回
2020-11-04,1.4730,1.8330,-0.34%,限制大额申购,开放赎回
2020-11-05,1.5090,1.8690,2.44%,限制大额申购,开放赎回
2020-11-06,1.4970,1.8570,-0.80%,限制大额申购,开放赎回
2020-11-09,1.5440,1.9040,3.14%,限制大额申购,开放赎回
2020-11-10,1.5240,1.8840,-1.30%,限制大额申购,开放赎回
2020-11-11,1.4780,1.8380,-3.02%,限制大额申购,开放赎回
2020-11-12,1.4820,1.8420,0.27%,限制大额申购,开放赎回
2020-11-13,1.4800,1.8400,-0.13%,限制大额申购,开放赎回
2020-11-16,1.4820,1.8420,0.14%,限制大额申购,开放赎回
2020-11-17,1.4610,1.8210,-1.42%,限制大额申购,开放赎回
2020-11-18,1.4550,1.8150,-0.41%,限制大额申购,开放赎回
2020-11-19,1.4660,1.8260,0.76%,限制大额申购,开放赎回
2020-11-20,1.4730,1.8330,0.48%,限制大额申购,开放赎回
2020-11-23,1.4740,1.8340,0.07%,限制大额申购,开放赎回
2020-11-24,1.4730,1.8330,-0.07%,限制大额申购,开放赎回
2020-11-25,1.4500,1.8100,-1.56%,限制大额申购,开放赎回
2020-11-26,1.4380,1.7980,-0.83%,限制大额申购,开放赎回
2020-11-27,1.4400,1.8000,0.14%,限制大额申购,开放赎回
2020-11-30,1.4410,1.8010,0.07%,限制大额申购,开放赎回
2020-12-01,1.4650,1.8250,1.67%,限制大额申购,开放赎回
2020-12-02,1.4670,1.8270,0.14%,限制大额申购,开放赎回
2020-12-03,1.4660,1.8260,-0.07%,限制大额申购,开放赎回
2020-12-04,1.4710,1.8310,0.34%,限制大额申购,开放赎回
2020-12-07,1.4770,1.8370,0.41%,限制大额申购,开放赎回
2020-12-08,1.4810,1.8410,0.27%,限制大额申购,开放赎回
2020-12-09,1.4610,1.8210,-1.35%,限制大额申购,开放赎回
2020-12-10,1.4720,1.8320,0.75%,限制大额申购,开放赎回
2020-12-11,1.4590,1.8190,-0.88%,限制大额申购,开放赎回
2020-12-14,1.4680,1.8280,0.62%,限制大额申购,开放赎回
2020-12-15,1.4750,1.8350,0.48%,限制大额申购,开放赎回
2020-12-16,1.4690,1.8290,-0.41%,限制大额申购,开放赎回
2020-12-17,1.4770,1.8370,0.54%,限制大额申购,开放赎回
2020-12-18,1.4700,1.8300,-0.47%,限制大额申购,开放赎回
2020-12-21,1.4970,1.8570,1.84%,限制大额申购,开放赎回
2020-12-22,1.4620,1.8220,-2.34%,限制大额申购,开放赎回
2020-12-23,1.4890,1.8490,1.85%,限制大额申购,开放赎回
2020-12-24,1.4780,1.8380,-0.74%,限制大额申购,开放赎回
2020-12-25,1.4830,1.8430,0.34%,限制大额申购,开放赎回
2020-12-28,1.4810,1.8410,-0.13%,限制大额申购,开放赎回
2020-12-29,1.4760,1.8360,-0.34%,限制大额申购,开放赎回
2020-12-30,1.5040,1.8640,1.90%,限制大额申购,开放赎回
2020-12-31,1.5360,1.8960,2.13%,限制大额申购,开放赎回
2021-01-04,1.5760,1.9360,2.60%,限制大额申购,开放赎回
2021-01-05,1.6080,1.9680,2.03%,限制大额申购,开放赎回
2021-01-06,1.6000,1.9600,-0.50%,限制大额申购,开放赎回
2021-01-07,1.6100,1.9700,0.62%,限制大额申购,开放赎回
2021-01-08,1.6020,1.9620,-0.50%,限制大额申购,开放赎回
2021-01-11,1.5980,1.9580,-0.25%,限制大额申购,开放赎回
2021-01-12,1.6450,2.0050,2.94%,限制大额申购,开放赎回
2021-01-13,1.6410,2.0010,-0.24%,限制大额申购,开放赎回
2021-01-14,1.6300,1.9900,-0.67%,限制大额申购,开放赎回
2021-01-15,1.6190,1.9790,-0.67%,限制大额申购,开放赎回
2021-01-18,1.6770,2.0370,3.58%,限制大额申购,开放赎回
2021-01-19,1.6530,2.0130,-1.43%,限制大额申购,开放赎回
2021-01-20,1.6910,2.0510,2.30%,限制大额申购,开放赎回
2021-01-21,1.7190,2.0790,1.66%,限制大额申购,开放赎回
2021-01-22,1.7290,2.0890,0.58%,限制大额申购,开放赎回
2021-01-25,1.7330,2.0930,0.23%,限制大额申购,开放赎回
2021-01-26,1.6910,2.0510,-2.42%,限制大额申购,开放赎回
2021-01-27,1.7060,2.0660,0.89%,限制大额申购,开放赎回
2021-01-28,1.6440,2.0040,-3.63%,限制大额申购,开放赎回
2021-01-29,1.6320,1.9920,-0.73%,限制大额申购,开放赎回
2021-02-01,1.6530,2.0130,1.29%,限制大额申购,开放赎回
2021-02-02,1.6900,2.0500,2.24%,限制大额申购,开放赎回
2021-02-03,1.6710,2.0310,-1.12%,限制大额申购,开放赎回
2021-02-04,1.6550,2.0150,-0.96%,限制大额申购,开放赎回
2021-02-05,1.6350,1.9950,-1.21%,限制大额申购,开放赎回
2021-02-08,1.6680,2.0280,2.02%,限制大额申购,开放赎回
2021-02-09,1.7110,2.0710,2.58%,限制大额申购,开放赎回
2021-02-10,1.7430,2.1030,1.87%,限制大额申购,开放赎回
2021-02-18,1.7240,2.0840,-1.09%,限制大额申购,开放赎回
2021-02-19,1.7040,2.0640,-1.16%,限制大额申购,开放赎回
2021-02-22,1.6410,2.0010,-3.70%,限制大额申购,开放赎回
2021-02-23,1.6280,1.9880,-0.79%,限制大额申购,开放赎回
2021-02-24,1.5820,1.9420,-2.83%,限制大额申购,开放赎回
2021-02-25,1.5720,1.9320,-0.63%,限制大额申购,开放赎回
2021-02-26,1.5410,1.9010,-1.97%,限制大额申购,开放赎回
2021-03-01,1.5730,1.9330,2.08%,限制大额申购,开放赎回
2021-03-02,1.5580,1.9180,-0.95%,限制大额申购,开放赎回
2021-03-03,1.5760,1.9360,1.16%,限制大额申购,开放赎回
2021-03-04,1.5110,1.8710,-4.12%,限制大额申购,开放赎回
2021-03-05,1.5150,1.8750,0.26%,限制大额申购,开放赎回
2021-03-08,1.4470,1.8070,-4.49%,限制大额申购,开放赎回
2021-03-09,1.3940,1.7540,-3.66%,限制大额申购,开放赎回
2021-03-10,1.4180,1.7780,1.72%,限制大额申购,开放赎回
2021-03-11,1.4480,1.8080,2.12%,限制大额申购,开放赎回
2021-03-12,1.4540,1.8140,0.41%,限制大额申购,开放赎回
2021-03-15,1.4080,1.7680,-3.16%,限制大额申购,开放赎回
2021-03-16,1.4120,1.7720,0.28%,限制大额申购,开放赎回
2021-03-17,1.4400,1.8000,1.98%,限制大额申购,开放赎回
2021-03-18,1.4570,1.8170,1.18%,限制大额申购,开放赎回
2021-03-19,1.4180,1.7780,-2.68%,限制大额申购,开放赎回
2021-03-22,1.4370,1.7970,1.34%,限制大额申购,开放赎回
2021-03-23,1.4170,1.7770,-1.39%,限制大额申购,开放赎回
2021-03-24,1.3950,1.7550,-1.55%,限制大额申购,开放赎回
2021-03-25,1.4000,1.7600,0.36%,限制大额申购,开放赎回
2021-03-26,1.4380,1.7980,2.71%,限制大额申购,开放赎回
2021-03-29,1.4340,1.7940,-0.28%,限制大额申购,开放赎回
2021-03-30,1.4610,1.8210,1.88%,限制大额申购,开放赎回
2021-03-31,1.4480,1.8080,-0.89%,限制大额申购,开放赎回
2021-04-01,1.4740,1.8340,1.80%,限制大额申购,开放赎回
2021-04-02,1.4990,1.8590,1.70%,限制大额申购,开放赎回
2021-04-06,1.5010,1.8610,0.13%,限制大额申购,开放赎回
2021-04-07,1.4830,1.8430,-1.20%,限制大额申购,开放赎回
