2015-06-16,1.0000,1.0000,0%,封闭期,封闭期
2015-06-19,1.0000,1.0000,0%,封闭期,封闭期
2015-06-26,1.0000,1.0000,0%,封闭期,封闭期
2015-06-30,1.0000,1.0000,0%,封闭期,封闭期
2015-07-02,1.0000,1.0000,0%,封闭期,封闭期
2015-07-03,1.0000,1.0000,0.00%,封闭期,封闭期
2015-07-10,1.0000,1.0000,0%,封闭期,封闭期
2015-07-17,1.0000,1.0000,0%,封闭期,封闭期
2015-07-23,1.0000,1.0000,0%,封闭期,封闭期
2015-07-24,1.0000,1.0000,0.00%,开放申购,开放赎回
2015-07-27,1.0000,1.0000,0.00%,开放申购,开放赎回
2015-07-28,1.0000,1.0000,0.00%,开放申购,开放赎回
2015-07-29,1.0000,1.0000,0.00%,开放申购,开放赎回
2015-07-30,1.0000,1.0000,0.00%,开放申购,开放赎回
2015-07-31,1.0000,1.0000,0.00%,开放申购,开放赎回
2015-08-03,1.0000,1.0000,0.00%,开放申购,开放赎回
2015-08-04,1.0000,1.0000,0.00%,开放申购,开放赎回
2015-08-05,1.0000,1.0000,0.00%,开放申购,开放赎回
2015-08-06,1.0000,1.0000,0.00%,开放申购,开放赎回
2015-08-07,1.0000,1.0000,0.00%,开放申购,开放赎回
2015-08-10,1.0000,1.0000,0.00%,开放申购,开放赎回
2015-08-11,1.0000,1.0000,0.00%,开放申购,开放赎回
2015-08-12,1.0000,1.0000,0.00%,开放申购,开放赎回
2015-08-13,1.0000,1.0000,0.00%,开放申购,开放赎回
2015-08-14,1.0000,1.0000,0.00%,开放申购,开放赎回
2015-08-17,1.0000,1.0000,0.00%,开放申购,开放赎回
2015-08-18,1.0000,1.0000,0.00%,开放申购,开放赎回
2015-08-19,1.0000,1.0000,0.00%,开放申购,开放赎回
2015-08-20,1.0000,1.0000,0.00%,开放申购,开放赎回
2015-08-21,1.0000,1.0000,0.00%,开放申购,开放赎回
2015-08-24,1.0000,1.0000,0.00%,开放申购,开放赎回
2015-08-25,1.0000,1.0000,0.00%,开放申购,开放赎回
2015-08-26,1.0000,1.0000,0.00%,开放申购,开放赎回
2015-08-27,1.0010,1.0010,0.10%,开放申购,开放赎回
2015-08-28,1.0010,1.0010,0.00%,开放申购,开放赎回
2015-08-31,1.0010,1.0010,0.00%,开放申购,开放赎回
2015-09-01,1.0010,1.0010,0.00%,开放申购,开放赎回
2015-09-02,1.0010,1.0010,0.00%,开放申购,开放赎回
2015-09-07,1.0010,1.0010,0.00%,开放申购,开放赎回
2015-09-08,1.0010,1.0010,0.00%,开放申购,开放赎回
2015-09-09,1.0010,1.0010,0.00%,开放申购,开放赎回
2015-09-10,1.0010,1.0010,0.00%,开放申购,开放赎回
2015-09-11,1.0010,1.0010,0.00%,开放申购,开放赎回
2015-09-14,1.0010,1.0010,0.00%,开放申购,开放赎回
2015-09-15,1.0000,1.0000,-0.10%,开放申购,开放赎回
2015-09-16,1.0010,1.0010,0.10%,开放申购,开放赎回
2015-09-17,1.0010,1.0010,0.00%,开放申购,开放赎回
2015-09-18,1.0010,1.0010,0.00%,开放申购,开放赎回
2015-09-21,1.0010,1.0010,0.00%,开放申购,开放赎回
2015-09-22,1.0010,1.0010,0.00%,开放申购,开放赎回
2015-09-23,1.0010,1.0010,0.00%,开放申购,开放赎回
2015-09-24,1.0010,1.0010,0.00%,开放申购,开放赎回
2015-09-25,1.0010,1.0010,0.00%,开放申购,开放赎回
2015-09-28,1.0010,1.0010,0.00%,开放申购,开放赎回
2015-09-29,1.0010,1.0010,0.00%,开放申购,开放赎回
2015-09-30,1.0010,1.0010,0.00%,开放申购,开放赎回
2015-10-08,1.0010,1.0010,0.00%,开放申购,开放赎回
2015-10-09,1.0010,1.0010,0.00%,开放申购,开放赎回
2015-10-12,1.0020,1.0020,0.10%,开放申购,开放赎回
2015-10-13,1.0020,1.0020,0.00%,开放申购,开放赎回
2015-10-14,1.0020,1.0020,0.00%,开放申购,开放赎回
2015-10-15,1.0020,1.0020,0.00%,开放申购,开放赎回
2015-10-16,1.0020,1.0020,0.00%,开放申购,开放赎回
2015-10-19,1.0020,1.0020,0.00%,开放申购,开放赎回
2015-10-20,1.0020,1.0020,0.00%,开放申购,开放赎回
2015-10-21,1.0000,1.0000,-0.20%,开放申购,开放赎回
2015-10-22,1.0010,1.0010,0.10%,开放申购,开放赎回
2015-10-23,1.0020,1.0020,0.10%,开放申购,开放赎回
2015-10-26,1.0020,1.0020,0.00%,开放申购,开放赎回
2015-10-27,1.0020,1.0020,0.00%,开放申购,开放赎回
2015-10-28,1.0010,1.0010,-0.10%,开放申购,开放赎回
2015-10-29,1.0010,1.0010,0.00%,开放申购,开放赎回
2015-10-30,1.0010,1.0010,0.00%,开放申购,开放赎回
2015-11-02,1.0010,1.0010,0.00%,开放申购,开放赎回
2015-11-03,1.0010,1.0010,0.00%,开放申购,开放赎回
2015-11-04,1.0020,1.0020,0.10%,开放申购,开放赎回
2015-11-05,1.0020,1.0020,0.00%,开放申购,开放赎回
2015-11-06,1.0020,1.0020,0.00%,开放申购,开放赎回
2015-11-09,1.0020,1.0020,0.00%,开放申购,开放赎回
2015-11-10,1.0020,1.0020,0.00%,开放申购,开放赎回
2015-11-11,1.0020,1.0020,0.00%,开放申购,开放赎回
2015-11-12,1.0020,1.0020,0.00%,开放申购,开放赎回
2015-11-13,1.0020,1.0020,0.00%,开放申购,开放赎回
2015-11-16,1.0020,1.0020,0.00%,开放申购,开放赎回
2015-11-17,1.0020,1.0020,0.00%,开放申购,开放赎回
2015-11-18,1.0020,1.0020,0.00%,开放申购,开放赎回
2015-11-19,1.0020,1.0020,0.00%,开放申购,开放赎回
2015-11-20,1.0020,1.0020,0.00%,开放申购,开放赎回
2015-11-23,1.0010,1.0010,-0.10%,开放申购,开放赎回
2015-11-24,1.0010,1.0010,0.00%,开放申购,开放赎回
2015-11-25,1.0010,1.0010,0.00%,开放申购,开放赎回
2015-11-26,1.0010,1.0010,0.00%,开放申购,开放赎回
2015-11-27,1.0000,1.0000,-0.10%,开放申购,开放赎回
2015-11-30,1.0000,1.0000,0.00%,开放申购,开放赎回
2015-12-01,1.0000,1.0000,0.00%,开放申购,开放赎回
2015-12-02,1.0010,1.0010,0.10%,开放申购,开放赎回
2015-12-03,1.0020,1.0020,0.10%,开放申购,开放赎回
2015-12-04,1.0010,1.0010,-0.10%,开放申购,开放赎回
2015-12-07,1.0050,1.0050,0.40%,开放申购,开放赎回
2015-12-08,1.0010,1.0010,-0.40%,开放申购,开放赎回
2015-12-09,1.0020,1.0020,0.10%,开放申购,开放赎回
2015-12-10,1.0000,1.0000,-0.20%,开放申购,开放赎回
2015-12-11,0.9970,0.9970,-0.30%,开放申购,开放赎回
2015-12-14,0.9980,0.9980,0.10%,开放申购,开放赎回
2015-12-15,0.9990,0.9990,0.10%,开放申购,开放赎回
2015-12-16,0.9990,0.9990,0.00%,开放申购,开放赎回
2015-12-17,1.0030,1.0030,0.40%,开放申购,开放赎回
2015-12-18,1.0050,1.0050,0.20%,开放申购,开放赎回
2015-12-21,1.0040,1.0040,-0.10%,开放申购,开放赎回
2015-12-22,1.0050,1.0050,0.10%,开放申购,开放赎回
2015-12-23,1.0030,1.0030,-0.20%,开放申购,开放赎回
2015-12-24,1.0030,1.0030,0.00%,开放申购,开放赎回
2015-12-25,1.0040,1.0040,0.10%,开放申购,开放赎回
2015-12-28,1.0020,1.0020,-0.20%,开放申购,开放赎回
2015-12-29,1.0050,1.0050,0.30%,开放申购,开放赎回
2015-12-30,1.0060,1.0060,0.10%,开放申购,开放赎回
2015-12-31,1.0040,1.0040,-0.20%,开放申购,开放赎回
2016-01-04,0.9980,0.9980,-0.60%,开放申购,开放赎回
2016-01-05,0.9980,0.9980,0.00%,开放申购,开放赎回
2016-01-06,0.9980,0.9980,0.00%,开放申购,开放赎回
2016-01-07,0.9960,0.9960,-0.20%,开放申购,开放赎回
2016-01-08,0.9960,0.9960,0.00%,开放申购,开放赎回
2016-01-11,0.9940,0.9940,-0.20%,开放申购,开放赎回
2016-01-12,0.9930,0.9930,-0.10%,开放申购,开放赎回
2016-01-13,0.9920,0.9920,-0.10%,开放申购,开放赎回
2016-01-14,0.9930,0.9930,0.10%,开放申购,开放赎回
2016-01-15,0.9930,0.9930,0.00%,开放申购,开放赎回
2016-01-18,0.9940,0.9940,0.10%,开放申购,开放赎回
2016-01-19,0.9960,0.9960,0.20%,开放申购,开放赎回
2016-01-20,0.9960,0.9960,0.00%,开放申购,开放赎回
2016-01-21,0.9930,0.9930,-0.30%,开放申购,开放赎回
2016-01-22,0.9940,0.9940,0.10%,开放申购,开放赎回
2016-01-25,0.9930,0.9930,-0.10%,开放申购,开放赎回
2016-01-26,0.9910,0.9910,-0.20%,开放申购,开放赎回
2016-01-27,0.9900,0.9900,-0.10%,开放申购,开放赎回
2016-01-28,0.9880,0.9880,-0.20%,开放申购,开放赎回
2016-01-29,0.9900,0.9900,0.20%,开放申购,开放赎回
2016-02-01,0.9910,0.9910,0.10%,开放申购,开放赎回
2016-02-02,0.9910,0.9910,0.00%,开放申购,开放赎回
2016-02-03,0.9920,0.9920,0.10%,开放申购,开放赎回
2016-02-04,0.9940,0.9940,0.20%,开放申购,开放赎回
2016-02-05,0.9800,0.9800,-1.41%,开放申购,开放赎回
2016-02-15,0.9830,0.9830,0.31%,开放申购,开放赎回
2016-02-16,1.0220,1.0220,3.97%,开放申购,开放赎回
2016-02-17,1.0350,1.0350,1.27%,开放申购,开放赎回
2016-02-18,1.0270,1.0270,-0.77%,开放申购,开放赎回
2016-02-19,1.0370,1.0370,0.97%,开放申购,开放赎回
2016-02-22,1.0590,1.0590,2.12%,开放申购,开放赎回
2016-02-23,1.0510,1.0510,-0.76%,开放申购,开放赎回
2016-02-24,1.0500,1.0500,-0.10%,开放申购,开放赎回
2016-02-25,0.9720,0.9720,-7.43%,开放申购,开放赎回
2016-02-26,0.9770,0.9770,0.51%,开放申购,开放赎回
2016-02-29,0.9300,0.9300,-4.81%,开放申购,开放赎回
2016-03-01,0.9280,0.9280,-0.22%,开放申购,开放赎回
2016-03-02,0.9380,0.9380,1.08%,开放申购,开放赎回
2016-03-03,0.9330,0.9330,-0.53%,开放申购,开放赎回
2016-03-04,0.9260,0.9260,-0.75%,开放申购,开放赎回
2016-03-07,0.9390,0.9390,1.40%,开放申购,开放赎回
2016-03-08,0.9390,0.9390,0.00%,开放申购,开放赎回
2016-03-09,0.9180,0.9180,-2.24%,开放申购,开放赎回
2016-03-10,0.9060,0.9060,-1.31%,开放申购,开放赎回
2016-03-11,0.9080,0.9080,0.22%,开放申购,开放赎回
2016-03-14,0.9240,0.9240,1.76%,开放申购,开放赎回
2016-03-15,0.9190,0.9190,-0.54%,开放申购,开放赎回
2016-03-16,0.9140,0.9140,-0.54%,开放申购,开放赎回
2016-03-17,0.9350,0.9350,2.30%,开放申购,开放赎回
2016-03-18,0.9580,0.9580,2.46%,开放申购,开放赎回
2016-03-21,0.9750,0.9750,1.77%,开放申购,开放赎回
2016-03-22,0.9690,0.9690,-0.62%,开放申购,开放赎回
2016-03-23,0.9720,0.9720,0.31%,开放申购,开放赎回
2016-03-24,0.9590,0.9590,-1.34%,开放申购,开放赎回
2016-03-25,0.9650,0.9650,0.63%,开放申购,开放赎回
2016-03-28,0.9620,0.9620,-0.31%,开放申购,开放赎回
2016-03-29,0.9490,0.9490,-1.35%,开放申购,开放赎回
2016-03-30,0.9750,0.9750,2.74%,开放申购,开放赎回
2016-03-31,0.9790,0.9790,0.41%,开放申购,开放赎回
2016-04-01,0.9810,0.9810,0.20%,开放申购,开放赎回
2016-04-05,0.9980,0.9980,1.73%,开放申购,开放赎回
2016-04-06,0.9980,0.9980,0.00%,开放申购,开放赎回
2016-04-07,0.9830,0.9830,-1.50%,开放申购,开放赎回
2016-04-08,0.9780,0.9780,-0.51%,开放申购,开放赎回
2016-04-11,0.9990,0.9990,2.15%,开放申购,开放赎回
2016-04-12,1.0000,1.0000,0.10%,开放申购,开放赎回
2016-04-13,1.0210,1.0210,2.10%,开放申购,开放赎回
2016-04-14,1.0240,1.0240,0.29%,开放申购,开放赎回
2016-04-15,1.0210,1.0210,-0.29%,开放申购,开放赎回
2016-04-18,1.0090,1.0090,-1.18%,开放申购,开放赎回
2016-04-19,1.0110,1.0110,0.20%,开放申购,开放赎回
2016-04-20,0.9810,0.9810,-2.97%,开放申购,开放赎回
2016-04-21,0.9790,0.9790,-0.20%,开放申购,开放赎回
2016-04-22,0.9800,0.9800,0.10%,开放申购,开放赎回
2016-04-25,0.9790,0.9790,-0.10%,开放申购,开放赎回
2016-04-26,0.9830,0.9830,0.41%,开放申购,开放赎回
2016-04-27,0.9800,0.9800,-0.31%,开放申购,开放赎回
2016-04-28,0.9750,0.9750,-0.51%,开放申购,开放赎回
2016-04-29,0.9780,0.9780,0.31%,开放申购,开放赎回
2016-05-03,1.0030,1.0030,2.56%,开放申购,开放赎回
2016-05-04,0.9960,0.9960,-0.70%,开放申购,开放赎回
2016-05-05,0.9990,0.9990,0.30%,开放申购,开放赎回
2016-05-06,0.9610,0.9610,-3.80%,开放申购,开放赎回
2016-05-09,0.9260,0.9260,-3.64%,开放申购,开放赎回
2016-05-10,0.9280,0.9280,0.22%,开放申购,开放赎回
2016-05-11,0.9300,0.9300,0.22%,开放申购,开放赎回
2016-05-12,0.9340,0.9340,0.43%,开放申购,开放赎回
2016-05-13,0.9330,0.9330,-0.11%,开放申购,开放赎回
2016-05-16,0.9470,0.9470,1.50%,开放申购,开放赎回
2016-05-17,0.9420,0.9420,-0.53%,开放申购,开放赎回
2016-05-18,0.9220,0.9220,-2.12%,开放申购,开放赎回
2016-05-19,0.9230,0.9230,0.11%,开放申购,开放赎回
2016-05-20,0.9270,0.9270,0.43%,开放申购,开放赎回
2016-05-23,0.9360,0.9360,0.97%,开放申购,开放赎回
2016-05-24,0.9250,0.9250,-1.18%,开放申购,开放赎回
2016-05-25,0.9220,0.9220,-0.32%,开放申购,开放赎回
2016-05-26,0.9260,0.9260,0.43%,开放申购,开放赎回
2016-05-27,0.9280,0.9280,0.22%,开放申购,开放赎回
2016-05-30,0.9220,0.9220,-0.65%,开放申购,开放赎回
2016-05-31,0.9540,0.9540,3.47%,开放申购,开放赎回
2016-06-01,0.9590,0.9590,0.52%,开放申购,开放赎回
2016-06-02,0.9620,0.9620,0.31%,开放申购,开放赎回
2016-06-03,0.9650,0.9650,0.31%,开放申购,开放赎回
2016-06-06,0.9710,0.9710,0.62%,开放申购,开放赎回
2016-06-07,0.9740,0.9740,0.31%,开放申购,开放赎回
2016-06-08,0.9690,0.9690,-0.51%,开放申购,开放赎回
2016-06-13,0.9420,0.9420,-2.79%,开放申购,开放赎回
2016-06-14,0.9470,0.9470,0.53%,开放申购,开放赎回
2016-06-15,0.9710,0.9710,2.53%,开放申购,开放赎回
2016-06-16,0.9680,0.9680,-0.31%,开放申购,开放赎回
2016-06-17,0.9770,0.9770,0.93%,开放申购,开放赎回
2016-06-20,0.9750,0.9750,-0.20%,开放申购,开放赎回
2016-06-21,0.9680,0.9680,-0.72%,开放申购,开放赎回
2016-06-22,0.9840,0.9840,1.65%,开放申购,开放赎回
2016-06-23,0.9790,0.9790,-0.51%,开放申购,开放赎回
2016-06-24,0.9700,0.9700,-0.92%,开放申购,开放赎回
2016-06-27,0.9940,0.9940,2.47%,开放申购,开放赎回
2016-06-28,0.9970,0.9970,0.30%,开放申购,开放赎回
2016-06-29,0.9980,0.9980,0.10%,开放申购,开放赎回
2016-06-30,0.9990,0.9990,0.10%,开放申购,开放赎回
2016-07-01,1.0010,1.0010,0.20%,开放申购,开放赎回
2016-07-04,1.0300,1.0300,2.90%,开放申购,开放赎回
2016-07-05,1.0320,1.0320,0.19%,开放申购,开放赎回
2016-07-06,1.0420,1.0420,0.97%,开放申购,开放赎回
2016-07-07,1.0480,1.0480,0.58%,开放申购,开放赎回
2016-07-08,1.0400,1.0400,-0.76%,开放申购,开放赎回
2016-07-11,1.0480,1.0480,0.77%,开放申购,开放赎回
2016-07-12,1.0710,1.0710,2.19%,开放申购,开放赎回
2016-07-13,1.0730,1.0730,0.19%,开放申购,开放赎回
2016-07-14,1.0680,1.0680,-0.47%,开放申购,开放赎回
2016-07-15,1.0650,1.0650,-0.28%,开放申购,开放赎回
2016-07-18,1.0600,1.0600,-0.47%,开放申购,开放赎回
2016-07-19,1.0590,1.0590,-0.09%,开放申购,开放赎回
2016-07-20,1.0540,1.0540,-0.47%,开放申购,开放赎回
2016-07-21,1.0560,1.0560,0.19%,开放申购,开放赎回
2016-07-22,1.0450,1.0450,-1.04%,开放申购,开放赎回
2016-07-25,1.0460,1.0460,0.10%,开放申购,开放赎回
2016-07-26,1.0640,1.0640,1.72%,开放申购,开放赎回
2016-07-27,1.0320,1.0320,-3.01%,开放申购,开放赎回
2016-07-28,1.0460,1.0460,1.36%,开放申购,开放赎回
2016-07-29,1.0480,1.0480,0.19%,开放申购,开放赎回
2016-08-01,1.0400,1.0400,-0.76%,开放申购,开放赎回
2016-08-02,1.0480,1.0480,0.77%,开放申购,开放赎回
2016-08-03,1.0500,1.0500,0.19%,开放申购,开放赎回
2016-08-04,1.0520,1.0520,0.19%,开放申购,开放赎回
2016-08-05,1.0480,1.0480,-0.38%,开放申购,开放赎回
2016-08-08,1.0760,1.0760,2.67%,开放申购,开放赎回
2016-08-09,1.0810,1.0810,0.46%,开放申购,开放赎回
2016-08-10,1.0820,1.0820,0.09%,开放申购,开放赎回
2016-08-11,1.0640,1.0640,-1.66%,开放申购,开放赎回
2016-08-12,1.0740,1.0740,0.94%,开放申购,开放赎回
2016-08-15,1.0960,1.0960,2.05%,开放申购,开放赎回
2016-08-16,1.1050,1.1050,0.82%,开放申购,开放赎回
2016-08-17,1.1060,1.1060,0.09%,开放申购,开放赎回
2016-08-18,1.0980,1.0980,-0.72%,开放申购,开放赎回
2016-08-19,1.0940,1.0940,-0.36%,开放申购,开放赎回
2016-08-22,1.0880,1.0880,-0.55%,开放申购,开放赎回
2016-08-23,1.0860,1.0860,-0.18%,开放申购,开放赎回
2016-08-24,1.0870,1.0870,0.09%,开放申购,开放赎回
2016-08-25,1.0850,1.0850,-0.18%,开放申购,开放赎回
2016-08-26,1.0880,1.0880,0.28%,开放申购,开放赎回
2016-08-29,1.0890,1.0890,0.09%,开放申购,开放赎回
2016-08-30,1.0930,1.0930,0.37%,开放申购,开放赎回
2016-08-31,1.0930,1.0930,0.00%,开放申购,开放赎回
2016-09-01,1.0800,1.0800,-1.19%,开放申购,开放赎回
2016-09-02,1.0780,1.0780,-0.19%,开放申购,开放赎回
2016-09-05,1.0920,1.0920,1.30%,开放申购,开放赎回
2016-09-06,1.1100,1.1100,1.65%,开放申购,开放赎回
2016-09-07,1.1030,1.1030,-0.63%,开放申购,开放赎回
2016-09-08,1.1110,1.1110,0.73%,开放申购,开放赎回
2016-09-09,1.1030,1.1030,-0.72%,开放申购,开放赎回
2016-09-12,1.0840,1.0840,-1.72%,开放申购,开放赎回
2016-09-13,1.0820,1.0820,-0.18%,开放申购,开放赎回
2016-09-14,1.0760,1.0760,-0.55%,开放申购,开放赎回
2016-09-19,1.0880,1.0880,1.12%,开放申购,开放赎回
2016-09-20,1.0910,1.0910,0.28%,开放申购,开放赎回
2016-09-21,1.0940,1.0940,0.28%,开放申购,开放赎回
2016-09-22,1.0970,1.0970,0.27%,开放申购,开放赎回
2016-09-23,1.0920,1.0920,-0.46%,开放申购,开放赎回
2016-09-26,0.9820,1.0820,-0.92%,开放申购,开放赎回
2016-09-27,0.9860,1.0860,0.41%,开放申购,开放赎回
2016-09-28,0.9860,1.0860,0.00%,开放申购,开放赎回
2016-09-29,0.9940,1.0940,0.81%,开放申购,开放赎回
2016-09-30,1.0000,1.1000,0.60%,开放申购,开放赎回
2016-10-10,1.0090,1.1090,0.90%,开放申购,开放赎回
2016-10-11,1.0140,1.1140,0.50%,开放申购,开放赎回
2016-10-12,1.0110,1.1110,-0.30%,开放申购,开放赎回
2016-10-13,1.0090,1.1090,-0.20%,开放申购,开放赎回
2016-10-14,1.0050,1.1050,-0.40%,开放申购,开放赎回
2016-10-17,0.9990,1.0990,-0.60%,开放申购,开放赎回
2016-10-18,1.0100,1.1100,1.10%,开放申购,开放赎回
2016-10-19,1.0060,1.1060,-0.40%,开放申购,开放赎回
2016-10-20,1.0060,1.1060,0.00%,开放申购,开放赎回
2016-10-21,1.0000,1.1000,-0.60%,开放申购,开放赎回
2016-10-24,1.0150,1.1150,1.50%,开放申购,开放赎回
2016-10-25,1.0240,1.1240,0.89%,开放申购,开放赎回
2016-10-26,1.0190,1.1190,-0.49%,开放申购,开放赎回
2016-10-27,1.0140,1.1140,-0.49%,开放申购,开放赎回
2016-10-28,1.0140,1.1140,0.00%,开放申购,开放赎回
2016-10-31,1.0150,1.1150,0.10%,开放申购,开放赎回
2016-11-01,1.0230,1.1230,0.79%,开放申购,开放赎回
2016-11-02,1.0120,1.1120,-1.08%,开放申购,开放赎回
2016-11-03,1.0140,1.1140,0.20%,开放申购,开放赎回
2016-11-04,1.0050,1.1050,-0.89%,开放申购,开放赎回
2016-11-07,1.0080,1.1080,0.30%,开放申购,开放赎回
2016-11-08,1.0110,1.1110,0.30%,开放申购,开放赎回
2016-11-09,1.0080,1.1080,-0.30%,开放申购,开放赎回
2016-11-10,1.0150,1.1150,0.69%,开放申购,开放赎回
2016-11-11,1.0200,1.1200,0.49%,开放申购,开放赎回
2016-11-14,1.0230,1.1230,0.29%,开放申购,开放赎回
2016-11-15,1.0250,1.1250,0.20%,开放申购,开放赎回
2016-11-16,1.0260,1.1260,0.10%,开放申购,开放赎回
2016-11-17,1.0260,1.1260,0.00%,开放申购,开放赎回
2016-11-18,1.0210,1.1210,-0.49%,开放申购,开放赎回
2016-11-21,1.0230,1.1230,0.20%,开放申购,开放赎回
2016-11-22,1.0350,1.1350,1.17%,开放申购,开放赎回
2016-11-23,1.0380,1.1380,0.29%,开放申购,开放赎回
2016-11-24,1.0520,1.1520,1.35%,开放申购,开放赎回
2016-11-25,1.0590,1.1590,0.67%,开放申购,开放赎回
2016-11-28,1.0640,1.1640,0.47%,开放申购,开放赎回
2016-11-29,1.0620,1.1620,-0.19%,开放申购,开放赎回
2016-11-30,1.0520,1.1520,-0.94%,开放申购,开放赎回
2016-12-01,1.0600,1.1600,0.76%,开放申购,开放赎回
2016-12-02,1.0400,1.1400,-1.89%,开放申购,开放赎回
2016-12-05,1.0210,1.1210,-1.83%,开放申购,开放赎回
2016-12-06,1.0220,1.1220,0.10%,开放申购,开放赎回
2016-12-07,1.0290,1.1290,0.68%,开放申购,开放赎回
2016-12-08,1.0300,1.1300,0.10%,开放申购,开放赎回
2016-12-09,1.0320,1.1320,0.19%,开放申购,开放赎回
2016-12-12,1.0050,1.1050,-2.62%,开放申购,开放赎回
2016-12-13,1.0080,1.1080,0.30%,开放申购,开放赎回
2016-12-14,0.9990,1.0990,-0.89%,开放申购,开放赎回
2016-12-15,0.9970,1.0970,-0.20%,开放申购,开放赎回
2016-12-16,1.0030,1.1030,0.60%,开放申购,开放赎回
2016-12-19,0.9980,1.0980,-0.50%,开放申购,开放赎回
2016-12-20,0.9970,1.0970,-0.10%,开放申购,开放赎回
2016-12-21,1.0000,1.1000,0.30%,开放申购,开放赎回
2016-12-22,1.0030,1.1030,0.30%,开放申购,开放赎回
2016-12-23,0.9950,1.0950,-0.80%,开放申购,开放赎回
2016-12-26,1.0000,1.1000,0.50%,开放申购,开放赎回
2016-12-27,1.0000,1.1000,0.00%,开放申购,开放赎回
2016-12-28,0.9960,1.0960,-0.40%,开放申购,开放赎回
2016-12-29,0.9960,1.0960,0.00%,开放申购,开放赎回
2016-12-30,0.9990,1.0990,0.30%,开放申购,开放赎回
2016-12-31,0.9990,1.0990,0.00%,开放申购,开放赎回
2017-01-03,1.0110,1.1110,1.20%,开放申购,开放赎回
2017-01-04,1.0220,1.1220,1.09%,开放申购,开放赎回
2017-01-05,1.0220,1.1220,0.00%,开放申购,开放赎回
2017-01-06,1.0170,1.1170,-0.49%,开放申购,开放赎回
2017-01-09,1.0200,1.1200,0.30%,开放申购,开放赎回
2017-01-10,1.0190,1.1190,-0.10%,开放申购,开放赎回
2017-01-11,1.0090,1.1090,-0.98%,开放申购,开放赎回
2017-01-12,1.0020,1.1020,-0.69%,开放申购,开放赎回
2017-01-13,0.9950,1.0950,-0.70%,开放申购,开放赎回
2017-01-16,0.9840,1.0840,-1.11%,开放申购,开放赎回
2017-01-17,0.9910,1.0910,0.71%,开放申购,开放赎回
2017-01-18,0.9990,1.0990,0.81%,开放申购,开放赎回
2017-01-19,0.9970,1.0970,-0.20%,开放申购,开放赎回
2017-01-20,1.0050,1.1050,0.80%,开放申购,开放赎回
2017-01-23,1.0100,1.1100,0.50%,开放申购,开放赎回
2017-01-24,1.0090,1.1090,-0.10%,开放申购,开放赎回
2017-01-25,1.0110,1.1110,0.20%,开放申购,开放赎回
2017-01-26,1.0160,1.1160,0.49%,开放申购,开放赎回
2017-02-03,1.0140,1.1140,-0.20%,开放申购,开放赎回
2017-02-06,1.0190,1.1190,0.49%,开放申购,开放赎回
2017-02-07,1.0200,1.1200,0.10%,开放申购,开放赎回
2017-02-08,1.0220,1.1220,0.20%,开放申购,开放赎回
2017-02-09,1.0240,1.1240,0.20%,开放申购,开放赎回
2017-02-10,1.0240,1.1240,0.00%,开放申购,开放赎回
2017-02-13,1.0300,1.1300,0.59%,开放申购,开放赎回
2017-02-14,1.0280,1.1280,-0.19%,开放申购,开放赎回
2017-02-15,1.0230,1.1230,-0.49%,开放申购,开放赎回
2017-02-16,1.0260,1.1260,0.29%,开放申购,开放赎回
2017-02-17,1.0220,1.1220,-0.39%,开放申购,开放赎回
2017-02-20,1.0390,1.1390,1.66%,开放申购,开放赎回
2017-02-21,1.0430,1.1430,0.39%,开放申购,开放赎回
2017-02-22,1.0440,1.1440,0.10%,开放申购,开放赎回
2017-02-23,1.0420,1.1420,-0.19%,开放申购,开放赎回
2017-02-24,1.0420,1.1420,0.00%,开放申购,开放赎回
2017-02-27,1.0340,1.1340,-0.77%,开放申购,开放赎回
2017-02-28,1.0350,1.1350,0.10%,开放申购,开放赎回
2017-03-01,1.0380,1.1380,0.29%,开放申购,开放赎回
2017-03-02,1.0310,1.1310,-0.67%,开放申购,开放赎回
2017-03-03,1.0330,1.1330,0.19%,开放申购,开放赎回
2017-03-06,1.0440,1.1440,1.06%,开放申购,开放赎回
2017-03-07,1.0430,1.1430,-0.10%,开放申购,开放赎回
2017-03-08,1.0430,1.1430,0.00%,开放申购,开放赎回
2017-03-09,1.0410,1.1410,-0.19%,开放申购,开放赎回
2017-03-10,1.0470,1.1470,0.58%,开放申购,开放赎回
2017-03-13,1.0550,1.1550,0.76%,开放申购,开放赎回
2017-03-14,1.0530,1.1530,-0.19%,开放申购,开放赎回
2017-03-15,1.0610,1.1610,0.76%,开放申购,开放赎回
2017-03-16,1.0640,1.1640,0.28%,开放申购,开放赎回
2017-03-17,1.0520,1.1520,-1.13%,开放申购,开放赎回
2017-03-20,1.0460,1.1460,-0.57%,开放申购,开放赎回
2017-03-21,1.0600,1.1600,1.34%,开放申购,开放赎回
2017-03-22,1.0640,1.1640,0.38%,开放申购,开放赎回
2017-03-23,1.0660,1.1660,0.19%,开放申购,开放赎回
2017-03-24,1.0720,1.1720,0.56%,开放申购,开放赎回
2017-03-27,1.0650,1.1650,-0.65%,开放申购,开放赎回
2017-03-28,1.0610,1.1610,-0.38%,开放申购,开放赎回
2017-03-29,1.0610,1.1610,0.00%,开放申购,开放赎回
2017-03-30,1.0510,1.1510,-0.94%,开放申购,开放赎回
2017-03-31,1.0550,1.1550,0.38%,开放申购,开放赎回
2017-04-05,1.0670,1.1670,1.14%,开放申购,开放赎回
2017-04-06,1.0720,1.1720,0.47%,开放申购,开放赎回
2017-04-07,1.0830,1.1830,1.03%,开放申购,开放赎回
2017-04-10,1.0850,1.1850,0.18%,开放申购,开放赎回
2017-04-11,1.0900,1.1900,0.46%,开放申购,开放赎回
2017-04-12,1.0840,1.1840,-0.55%,开放申购,开放赎回
2017-04-13,1.0890,1.1890,0.46%,开放申购,开放赎回
2017-04-14,1.0830,1.1830,-0.55%,开放申购,开放赎回
2017-04-17,1.0850,1.1850,0.18%,开放申购,开放赎回
2017-04-18,1.1020,1.2020,1.57%,开放申购,开放赎回
2017-04-19,1.0990,1.1990,-0.27%,开放申购,开放赎回
2017-04-20,1.1070,1.2070,0.73%,开放申购,开放赎回
2017-04-21,1.0970,1.1970,-0.90%,开放申购,开放赎回
2017-04-24,1.0760,1.1760,-1.91%,开放申购,开放赎回
2017-04-25,1.0750,1.1750,-0.09%,开放申购,开放赎回
2017-04-26,1.0680,1.1680,-0.65%,开放申购,开放赎回
2017-04-27,1.0740,1.1740,0.56%,开放申购,开放赎回
2017-04-28,1.0670,1.1670,-0.65%,开放申购,开放赎回
2017-05-02,1.0720,1.1720,0.47%,开放申购,开放赎回
2017-05-03,1.0710,1.1710,-0.09%,开放申购,开放赎回
2017-05-04,1.0720,1.1720,0.09%,开放申购,开放赎回
2017-05-05,1.0670,1.1670,-0.47%,开放申购,开放赎回
2017-05-08,1.0560,1.1560,-1.03%,开放申购,开放赎回
2017-05-09,1.0570,1.1570,0.09%,开放申购,开放赎回
2017-05-10,1.0490,1.1490,-0.76%,开放申购,开放赎回
2017-05-11,1.0560,1.1560,0.67%,开放申购,开放赎回
2017-05-12,1.0610,1.1610,0.47%,开放申购,开放赎回
2017-05-15,1.0630,1.1630,0.19%,开放申购,开放赎回
2017-05-16,1.0760,1.1760,1.22%,开放申购,开放赎回
2017-05-17,1.0680,1.1680,-0.74%,开放申购,开放赎回
2017-05-18,1.0540,1.1540,-1.31%,开放申购,开放赎回
2017-05-19,1.0490,1.1490,-0.47%,开放申购,开放赎回
2017-05-22,1.0470,1.1470,-0.19%,开放申购,开放赎回
2017-05-23,1.0380,1.1380,-0.86%,开放申购,开放赎回
2017-05-24,1.0360,1.1360,-0.19%,开放申购,开放赎回
2017-05-25,1.0440,1.1440,0.77%,开放申购,开放赎回
2017-05-26,1.0490,1.1490,0.48%,开放申购,开放赎回
2017-05-31,1.0490,1.1490,0.00%,开放申购,开放赎回
2017-06-01,1.0450,1.1450,-0.38%,开放申购,开放赎回
2017-06-02,1.0450,1.1450,0.00%,开放申购,开放赎回
2017-06-05,1.0510,1.1510,0.57%,开放申购,开放赎回
2017-06-06,1.0610,1.1610,0.95%,开放申购,开放赎回
2017-06-07,1.0700,1.1700,0.85%,开放申购,开放赎回
2017-06-08,1.0740,1.1740,0.37%,开放申购,开放赎回
2017-06-09,1.0780,1.1780,0.37%,开放申购,开放赎回
2017-06-12,1.0710,1.1710,-0.65%,开放申购,开放赎回
2017-06-13,1.0710,1.1710,0.00%,开放申购,开放赎回
2017-06-14,1.0660,1.1660,-0.47%,开放申购,开放赎回
2017-06-15,1.0700,1.1700,0.38%,开放申购,开放赎回
2017-06-16,1.0690,1.1690,-0.09%,开放申购,开放赎回
2017-06-19,1.0760,1.1760,0.65%,开放申购,开放赎回
2017-06-20,1.0710,1.1710,-0.46%,开放申购,开放赎回
2017-06-21,1.0710,1.1710,0.00%,开放申购,开放赎回
2017-06-22,1.0620,1.1620,-0.84%,开放申购,开放赎回
2017-06-23,1.0630,1.1630,0.09%,开放申购,开放赎回
2017-06-26,1.0730,1.1730,0.94%,开放申购,开放赎回
2017-06-27,1.0710,1.1710,-0.19%,开放申购,开放赎回
2017-06-28,1.0640,1.1640,-0.65%,开放申购,开放赎回
2017-06-29,1.0690,1.1690,0.47%,开放申购,开放赎回
2017-06-30,1.0770,1.1770,0.75%,开放申购,开放赎回
2017-07-03,1.0800,1.1800,0.28%,开放申购,开放赎回
2017-07-04,1.0760,1.1760,-0.37%,开放申购,开放赎回
2017-07-05,1.0850,1.1850,0.84%,开放申购,开放赎回
2017-07-06,1.0840,1.1840,-0.09%,开放申购,开放赎回
2017-07-07,1.0790,1.1790,-0.46%,开放申购,开放赎回
2017-07-10,1.0720,1.1720,-0.65%,开放申购,开放赎回
2017-07-11,1.0720,1.1720,0.00%,开放申购,开放赎回
2017-07-12,1.0750,1.1750,0.28%,开放申购,开放赎回
2017-07-13,1.0750,1.1750,0.00%,开放申购,开放赎回
2017-07-14,1.0760,1.1760,0.09%,开放申购,开放赎回
2017-07-17,1.0650,1.1650,-1.02%,开放申购,开放赎回
2017-07-18,1.0630,1.1630,-0.19%,开放申购,开放赎回
2017-07-19,1.0710,1.1710,0.75%,开放申购,开放赎回
2017-07-20,1.0720,1.1720,0.09%,开放申购,开放赎回
2017-07-21,1.0710,1.1710,-0.09%,开放申购,开放赎回
2017-07-24,1.0800,1.1800,0.84%,开放申购,开放赎回
2017-07-25,1.0810,1.1810,0.09%,开放申购,开放赎回
2017-07-26,1.0780,1.1780,-0.28%,开放申购,开放赎回
2017-07-27,1.0770,1.1770,-0.09%,开放申购,开放赎回
2017-07-28,1.0800,1.1800,0.28%,开放申购,开放赎回
2017-07-31,1.0780,1.1780,-0.19%,开放申购,开放赎回
2017-08-01,1.0730,1.1730,-0.46%,开放申购,开放赎回
2017-08-02,1.0690,1.1690,-0.37%,开放申购,开放赎回
2017-08-03,1.0680,1.1680,-0.09%,开放申购,开放赎回
2017-08-04,1.0680,1.1680,0.00%,开放申购,开放赎回
2017-08-07,1.0690,1.1690,0.09%,开放申购,开放赎回
2017-08-08,1.0690,1.1690,0.00%,开放申购,开放赎回
2017-08-09,1.0720,1.1720,0.28%,开放申购,开放赎回
2017-08-10,1.0720,1.1720,0.00%,开放申购,开放赎回
2017-08-11,1.0710,1.1710,-0.09%,开放申购,开放赎回
2017-08-14,1.0740,1.1740,0.28%,开放申购,开放赎回
2017-08-15,1.0750,1.1750,0.09%,开放申购,开放赎回
2017-08-16,1.0750,1.1750,0.00%,开放申购,开放赎回
2017-08-17,1.0750,1.1750,0.00%,开放申购,开放赎回
2017-08-18,1.0750,1.1750,0.00%,开放申购,开放赎回
2017-08-21,1.0780,1.1780,0.28%,开放申购,开放赎回
2017-08-22,1.0770,1.1770,-0.09%,开放申购,开放赎回
2017-08-23,1.0760,1.1760,-0.09%,开放申购,开放赎回
2017-08-24,1.0760,1.1760,0.00%,开放申购,开放赎回
2017-08-25,1.0770,1.1770,0.09%,开放申购,开放赎回
2017-08-28,1.0780,1.1780,0.09%,开放申购,开放赎回
2017-08-29,1.0790,1.1790,0.09%,开放申购,开放赎回
2017-08-30,1.0790,1.1790,0.00%,开放申购,开放赎回
2017-08-31,1.0790,1.1790,0.00%,开放申购,开放赎回
2017-09-01,1.0790,1.1790,0.00%,开放申购,开放赎回
2017-09-04,1.0800,1.1800,0.09%,开放申购,开放赎回
2017-09-05,1.0800,1.1800,0.00%,开放申购,开放赎回
2017-09-06,1.0820,1.1820,0.19%,开放申购,开放赎回
2017-09-07,1.0820,1.1820,0.00%,开放申购,开放赎回
2017-09-08,1.0820,1.1820,0.00%,开放申购,开放赎回
2017-09-11,1.0830,1.1830,0.09%,开放申购,开放赎回
2017-09-12,1.0820,1.1820,-0.09%,开放申购,开放赎回
2017-09-13,1.0840,1.1840,0.18%,开放申购,开放赎回
2017-09-14,1.0830,1.1830,-0.09%,开放申购,开放赎回
2017-09-15,1.0840,1.1840,0.09%,开放申购,开放赎回
2017-09-18,1.0870,1.1870,0.28%,开放申购,开放赎回
2017-09-19,1.0860,1.1860,-0.09%,开放申购,开放赎回
2017-09-20,1.0860,1.1860,0.00%,开放申购,开放赎回
2017-09-21,1.0850,1.1850,-0.09%,开放申购,开放赎回
2017-09-22,1.0860,1.1860,0.09%,开放申购,开放赎回
2017-09-25,1.0840,1.1840,-0.18%,开放申购,开放赎回
2017-09-26,1.0840,1.1840,0.00%,开放申购,开放赎回
2017-09-27,1.0870,1.1870,0.28%,开放申购,开放赎回
2017-09-28,1.0870,1.1870,0.00%,开放申购,开放赎回
2017-09-29,1.0900,1.1900,0.28%,开放申购,开放赎回
2017-10-09,1.0950,1.1950,0.46%,开放申购,开放赎回
2017-10-10,1.0970,1.1970,0.18%,开放申购,开放赎回
2017-10-11,1.0990,1.1990,0.18%,开放申购,开放赎回
2017-10-12,1.0980,1.1980,-0.09%,开放申购,开放赎回
2017-10-13,1.1000,1.2000,0.18%,开放申购,开放赎回
2017-10-16,1.0980,1.1980,-0.18%,开放申购,开放赎回
2017-10-17,1.0980,1.1980,0.00%,开放申购,开放赎回
2017-10-18,1.0980,1.1980,0.00%,开放申购,开放赎回
2017-10-19,1.0980,1.1980,0.00%,开放申购,开放赎回
2017-10-20,1.0980,1.1980,0.00%,开放申购,开放赎回
2017-10-23,1.1000,1.2000,0.18%,开放申购,开放赎回
2017-10-24,1.1000,1.2000,0.00%,开放申购,开放赎回
2017-10-25,1.1030,1.2030,0.27%,开放申购,开放赎回
2017-10-26,1.1020,1.2020,-0.09%,开放申购,开放赎回
2017-10-27,1.1040,1.2040,0.18%,开放申购,开放赎回
2017-10-30,1.1020,1.2020,-0.18%,开放申购,开放赎回
2017-10-31,1.1020,1.2020,0.00%,开放申购,开放赎回
2017-11-01,1.1020,1.2020,0.00%,开放申购,开放赎回
2017-11-02,1.1000,1.2000,-0.18%,开放申购,开放赎回
2017-11-03,1.1000,1.2000,0.00%,开放申购,开放赎回
2017-11-06,1.1010,1.2010,0.09%,开放申购,开放赎回
2017-11-07,1.1020,1.2020,0.09%,开放申购,开放赎回
2017-11-08,1.1040,1.2040,0.18%,开放申购,开放赎回
2017-11-09,1.1040,1.2040,0.00%,开放申购,开放赎回
2017-11-10,1.1070,1.2070,0.27%,开放申购,开放赎回
2017-11-13,1.1100,1.2100,0.27%,开放申购,开放赎回
2017-11-14,1.1090,1.2090,-0.09%,开放申购,开放赎回
2017-11-15,1.1060,1.2060,-0.27%,开放申购,开放赎回
2017-11-16,1.1070,1.2070,0.09%,开放申购,开放赎回
2017-11-17,1.1020,1.2020,-0.45%,开放申购,开放赎回
2017-11-20,1.1040,1.2040,0.18%,开放申购,开放赎回
2017-11-21,1.1040,1.2040,0.00%,开放申购,开放赎回
2017-11-22,1.1040,1.2040,0.00%,开放申购,开放赎回
2017-11-23,1.0980,1.1980,-0.54%,开放申购,开放赎回
2017-11-24,1.0970,1.1970,-0.09%,开放申购,开放赎回
2017-11-27,1.0960,1.1960,-0.09%,开放申购,开放赎回
2017-11-28,1.0980,1.1980,0.18%,开放申购,开放赎回
2017-11-29,1.0990,1.1990,0.09%,开放申购,开放赎回
2017-11-30,1.0980,1.1980,-0.09%,开放申购,开放赎回
2017-12-01,1.0990,1.1990,0.09%,开放申购,开放赎回
2017-12-04,1.0990,1.1990,0.00%,开放申购,开放赎回
2017-12-05,1.0970,1.1970,-0.18%,开放申购,开放赎回
2017-12-06,1.0980,1.1980,0.09%,开放申购,开放赎回
2017-12-07,1.0980,1.1980,0.00%,开放申购,开放赎回
2017-12-08,1.1010,1.2010,0.27%,开放申购,开放赎回
2017-12-11,1.1040,1.2040,0.27%,开放申购,开放赎回
2017-12-12,1.1020,1.2020,-0.18%,开放申购,开放赎回
2017-12-13,1.1030,1.2030,0.09%,开放申购,开放赎回
2017-12-14,1.1030,1.2030,0.00%,开放申购,开放赎回
2017-12-15,1.1020,1.2020,-0.09%,开放申购,开放赎回
2017-12-18,1.1020,1.2020,0.00%,开放申购,开放赎回
2017-12-19,1.1030,1.2030,0.09%,开放申购,开放赎回
2017-12-20,1.1030,1.2030,0.00%,开放申购,开放赎回
2017-12-21,1.1050,1.2050,0.18%,开放申购,开放赎回
2017-12-22,1.1030,1.2030,-0.18%,开放申购,开放赎回
2017-12-25,1.1020,1.2020,-0.09%,开放申购,开放赎回
2017-12-26,1.1030,1.2030,0.09%,开放申购,开放赎回
2017-12-27,1.1000,1.2000,-0.27%,开放申购,开放赎回
2017-12-28,1.1000,1.2000,0.00%,开放申购,开放赎回
2017-12-29,1.1040,1.2040,0.36%,开放申购,开放赎回
2017-12-31,1.1040,1.2040,0%,开放申购,开放赎回
2018-01-02,1.1060,1.2060,0.18%,开放申购,开放赎回
2018-01-03,1.1100,1.2100,0.36%,开放申购,开放赎回
2018-01-04,1.1090,1.2090,-0.09%,开放申购,开放赎回
2018-01-05,1.1050,1.2050,-0.36%,开放申购,开放赎回
2018-01-08,1.1090,1.2090,0.36%,开放申购,开放赎回
2018-01-09,1.1140,1.2140,0.45%,开放申购,开放赎回
2018-01-10,1.1100,1.2100,-0.36%,开放申购,开放赎回
2018-01-11,1.1110,1.2110,0.09%,开放申购,开放赎回
2018-01-12,1.1110,1.2110,0.00%,开放申购,开放赎回
2018-01-15,1.1030,1.2030,-0.72%,开放申购,开放赎回
2018-01-16,1.1120,1.2120,0.82%,开放申购,开放赎回
2018-01-17,1.1070,1.2070,-0.45%,开放申购,开放赎回
2018-01-18,1.1090,1.2090,0.18%,开放申购,开放赎回
2018-01-19,1.1070,1.2070,-0.18%,开放申购,开放赎回
2018-01-22,1.1100,1.2100,0.27%,开放申购,开放赎回
2018-01-23,1.1160,1.2160,0.54%,开放申购,开放赎回
2018-01-24,1.1160,1.2160,0.00%,开放申购,开放赎回
2018-01-25,1.1100,1.2100,-0.54%,开放申购,开放赎回
2018-01-26,1.1110,1.2110,0.09%,开放申购,开放赎回
2018-01-29,1.1020,1.2020,-0.81%,开放申购,开放赎回
2018-01-30,1.0970,1.1970,-0.45%,开放申购,开放赎回
2018-01-31,1.1080,1.2080,1.00%,开放申购,开放赎回
2018-02-01,1.1010,1.2010,-0.63%,开放申购,开放赎回
2018-02-02,1.1010,1.2010,0.00%,开放申购,开放赎回
2018-02-05,1.1030,1.2030,0.18%,开放申购,开放赎回
2018-02-06,1.0820,1.1820,-1.90%,开放申购,开放赎回
2018-02-07,1.0750,1.1750,-0.65%,开放申购,开放赎回
2018-02-08,1.0760,1.1760,0.09%,开放申购,开放赎回
2018-02-09,1.0690,1.1690,-0.65%,开放申购,开放赎回
2018-02-12,1.0760,1.1760,0.65%,开放申购,开放赎回
2018-02-13,1.0780,1.1780,0.19%,开放申购,开放赎回
2018-02-14,1.0800,1.1800,0.19%,开放申购,开放赎回
2018-02-22,1.0850,1.1850,0.46%,开放申购,开放赎回
2018-02-23,1.0860,1.1860,0.09%,开放申购,开放赎回
2018-02-26,1.0870,1.1870,0.09%,开放申购,开放赎回
2018-02-27,1.0860,1.1860,-0.09%,开放申购,开放赎回
2018-02-28,1.0870,1.1870,0.09%,开放申购,开放赎回
2018-03-01,1.0880,1.1880,0.09%,开放申购,开放赎回
2018-03-02,1.0880,1.1880,0.00%,开放申购,开放赎回
2018-03-05,1.0890,1.1890,0.09%,开放申购,开放赎回
2018-03-06,1.0910,1.1910,0.18%,开放申购,开放赎回
2018-03-07,1.0900,1.1900,-0.09%,开放申购,开放赎回
2018-03-08,1.0910,1.1910,0.09%,开放申购,开放赎回
2018-03-09,1.0940,1.1940,0.28%,开放申购,开放赎回
2018-03-12,1.0950,1.1950,0.09%,开放申购,开放赎回
2018-03-13,1.0920,1.1920,-0.27%,开放申购,开放赎回
2018-03-14,1.0920,1.1920,0.00%,开放申购,开放赎回
2018-03-15,1.0920,1.1920,0.00%,开放申购,开放赎回
2018-03-16,1.0940,1.1940,0.18%,开放申购,开放赎回
2018-03-19,1.0930,1.1930,-0.09%,开放申购,开放赎回
2018-03-20,1.0940,1.1940,0.09%,开放申购,开放赎回
2018-03-21,1.0920,1.1920,-0.18%,开放申购,开放赎回
2018-03-22,1.0920,1.1920,0.00%,开放申购,开放赎回
2018-03-23,1.0870,1.1870,-0.46%,开放申购,开放赎回
2018-03-26,1.0880,1.1880,0.09%,开放申购,开放赎回
2018-03-27,1.0910,1.1910,0.28%,开放申购,开放赎回
2018-03-28,1.0890,1.1890,-0.18%,开放申购,开放赎回
2018-03-29,1.0900,1.1900,0.09%,开放申购,开放赎回
2018-03-30,1.0910,1.1910,0.09%,开放申购,开放赎回
2018-04-02,1.0920,1.1920,0.09%,开放申购,开放赎回
2018-04-03,1.0910,1.1910,-0.09%,开放申购,开放赎回
2018-04-04,1.0910,1.1910,0.00%,开放申购,开放赎回
2018-04-09,1.0900,1.1900,-0.09%,开放申购,开放赎回
2018-04-10,1.0930,1.1930,0.28%,开放申购,开放赎回
2018-04-11,1.0950,1.1950,0.18%,开放申购,开放赎回
2018-04-12,1.0950,1.1950,0.00%,开放申购,开放赎回
2018-04-13,1.0950,1.1950,0.00%,开放申购,开放赎回
2018-04-16,1.0940,1.1940,-0.09%,开放申购,开放赎回
2018-04-17,1.0910,1.1910,-0.27%,开放申购,开放赎回
2018-04-18,1.0910,1.1910,0.00%,开放申购,开放赎回
2018-04-19,1.0910,1.1910,0.00%,开放申购,开放赎回
2018-04-20,1.0880,1.1880,-0.28%,开放申购,开放赎回
2018-04-23,1.0860,1.1860,-0.18%,开放申购,开放赎回
2018-04-24,1.0890,1.1890,0.28%,开放申购,开放赎回
2018-04-25,1.0890,1.1890,0.00%,开放申购,开放赎回
2018-04-26,1.0860,1.1860,-0.28%,开放申购,开放赎回
2018-04-27,1.0860,1.1860,0.00%,开放申购,开放赎回
2018-05-02,1.0900,1.1900,0.37%,开放申购,开放赎回
2018-05-03,1.0920,1.1920,0.18%,开放申购,开放赎回
2018-05-04,1.0920,1.1920,0.00%,开放申购,开放赎回
2018-05-07,1.0960,1.1960,0.37%,开放申购,开放赎回
2018-05-08,1.0970,1.1970,0.09%,开放申购,开放赎回
2018-05-09,1.0970,1.1970,0.00%,开放申购,开放赎回
2018-05-10,1.0990,1.1990,0.18%,开放申购,开放赎回
2018-05-11,1.0990,1.1990,0.00%,开放申购,开放赎回
2018-05-14,1.0990,1.1990,0.00%,开放申购,开放赎回
2018-05-15,1.1000,1.2000,0.09%,开放申购,开放赎回
2018-05-16,1.1020,1.2020,0.18%,开放申购,开放赎回
2018-05-17,1.1010,1.2010,-0.09%,开放申购,开放赎回
2018-05-18,1.1000,1.2000,-0.09%,开放申购,开放赎回
2018-05-21,1.1020,1.2020,0.18%,开放申购,开放赎回
2018-05-22,1.1030,1.2030,0.09%,开放申购,开放赎回
2018-05-23,1.1010,1.2010,-0.18%,开放申购,开放赎回
2018-05-24,1.1000,1.2000,-0.09%,开放申购,开放赎回
2018-05-25,1.1000,1.2000,0.00%,开放申购,开放赎回
2018-05-28,1.1040,1.2040,0.36%,开放申购,开放赎回
2018-05-29,1.0990,1.1990,-0.45%,开放申购,开放赎回
2018-05-30,1.0990,1.1990,0.00%,开放申购,开放赎回
2018-05-31,1.1060,1.2060,0.64%,开放申购,开放赎回
2018-06-01,1.1010,1.2010,-0.45%,开放申购,开放赎回
2018-06-04,1.1070,1.2070,0.55%,开放申购,开放赎回
2018-06-05,1.1100,1.2100,0.27%,开放申购,开放赎回
2018-06-06,1.1100,1.2100,0.00%,开放申购,开放赎回
2018-06-07,1.1090,1.2090,-0.09%,开放申购,开放赎回
2018-06-08,1.1070,1.2070,-0.18%,开放申购,开放赎回
2018-06-11,1.1050,1.2050,-0.18%,开放申购,开放赎回
2018-06-12,1.1080,1.2080,0.27%,开放申购,开放赎回
2018-06-13,1.1040,1.2040,-0.36%,开放申购,开放赎回
2018-06-14,1.1010,1.2010,-0.27%,开放申购,开放赎回
2018-06-15,1.0980,1.1980,-0.27%,开放申购,开放赎回
2018-06-19,1.0880,1.1880,-0.91%,开放申购,开放赎回
2018-06-20,1.0940,1.1940,0.55%,开放申购,开放赎回
2018-06-21,1.0900,1.1900,-0.37%,开放申购,开放赎回
2018-06-22,1.0920,1.1920,0.18%,开放申购,开放赎回
2018-06-25,1.0940,1.1940,0.18%,开放申购,开放赎回
2018-06-26,1.0910,1.1910,-0.27%,开放申购,开放赎回
2018-06-27,1.0850,1.1850,-0.55%,开放申购,开放赎回
2018-06-28,1.0840,1.1840,-0.09%,开放申购,开放赎回
2018-06-29,1.0900,1.1900,0.55%,开放申购,开放赎回
2018-06-30,1.0900,1.1900,0%,开放申购,开放赎回
2018-07-02,1.0840,1.1840,-0.55%,开放申购,开放赎回
2018-07-03,1.0820,1.1820,-0.18%,开放申购,开放赎回
2018-07-04,1.0790,1.1790,-0.28%,开放申购,开放赎回
2018-07-05,1.0730,1.1730,-0.56%,开放申购,开放赎回
2018-07-06,1.0730,1.1730,0.00%,开放申购,开放赎回
2018-07-09,1.0770,1.1770,0.37%,开放申购,开放赎回
2018-07-10,1.0770,1.1770,0.00%,开放申购,开放赎回
2018-07-11,1.0710,1.1710,-0.56%,开放申购,开放赎回
2018-07-12,1.0780,1.1780,0.65%,开放申购,开放赎回
2018-07-13,1.0790,1.1790,0.09%,开放申购,开放赎回
2018-07-16,1.0790,1.1790,0.00%,开放申购,开放赎回
2018-07-17,1.0780,1.1780,-0.09%,开放申购,开放赎回
2018-07-18,1.0760,1.1760,-0.19%,开放申购,开放赎回
2018-07-19,1.0750,1.1750,-0.09%,开放申购,开放赎回
2018-07-20,1.0770,1.1770,0.19%,开放申购,开放赎回
2018-07-23,1.0780,1.1780,0.09%,开放申购,开放赎回
2018-07-24,1.0820,1.1820,0.37%,开放申购,开放赎回
2018-07-25,1.0810,1.1810,-0.09%,开放申购,开放赎回
2018-07-26,1.0810,1.1810,0.00%,开放申购,开放赎回
2018-07-27,1.0810,1.1810,0.00%,开放申购,开放赎回
2018-07-30,1.0780,1.1780,-0.28%,开放申购,开放赎回
2018-07-31,1.0790,1.1790,0.09%,开放申购,开放赎回
2018-08-01,1.0760,1.1760,-0.28%,开放申购,开放赎回
2018-08-02,1.0690,1.1690,-0.65%,开放申购,开放赎回
2018-08-03,1.0670,1.1670,-0.19%,开放申购,开放赎回
2018-08-06,1.0620,1.1620,-0.47%,开放申购,开放赎回
2018-08-07,1.0650,1.1650,0.28%,开放申购,开放赎回
2018-08-08,1.0600,1.1600,-0.47%,开放申购,开放赎回
2018-08-09,1.0650,1.1650,0.47%,开放申购,开放赎回
2018-08-10,1.0670,1.1670,0.19%,开放申购,开放赎回
2018-08-13,1.0670,1.1670,0.00%,开放申购,开放赎回
2018-08-14,1.0640,1.1640,-0.28%,开放申购,开放赎回
2018-08-15,1.0600,1.1600,-0.38%,开放申购,开放赎回
2018-08-16,1.0570,1.1570,-0.28%,开放申购,开放赎回
2018-08-17,1.0540,1.1540,-0.28%,开放申购,开放赎回
2018-08-20,1.0540,1.1540,0.00%,开放申购,开放赎回
2018-08-21,1.0570,1.1570,0.28%,开放申购,开放赎回
2018-08-22,1.0550,1.1550,-0.19%,开放申购,开放赎回
2018-08-23,1.0560,1.1560,0.09%,开放申购,开放赎回
2018-08-24,1.0560,1.1560,0.00%,开放申购,开放赎回
2018-08-27,1.0610,1.1610,0.47%,开放申购,开放赎回
2018-08-28,1.0640,1.1640,0.28%,开放申购,开放赎回
2018-08-29,1.0640,1.1640,0.00%,开放申购,开放赎回
2018-08-30,1.0630,1.1630,-0.09%,开放申购,开放赎回
2018-08-31,1.0610,1.1610,-0.19%,开放申购,开放赎回
2018-09-03,1.0590,1.1590,-0.19%,开放申购,开放赎回
2018-09-04,1.0600,1.1600,0.09%,开放申购,开放赎回
2018-09-05,1.0560,1.1560,-0.38%,开放申购,开放赎回
2018-09-06,1.0550,1.1550,-0.09%,开放申购,开放赎回
2018-09-07,1.0560,1.1560,0.09%,开放申购,开放赎回
2018-09-10,1.0540,1.1540,-0.19%,开放申购,开放赎回
2018-09-11,1.0530,1.1530,-0.09%,开放申购,开放赎回
2018-09-12,1.0530,1.1530,0.00%,开放申购,开放赎回
2018-09-13,1.0530,1.1530,0.00%,开放申购,开放赎回
2018-09-14,1.0520,1.1520,-0.10%,开放申购,开放赎回
2018-09-17,1.0510,1.1510,-0.10%,开放申购,开放赎回
2018-09-18,1.0530,1.1530,0.19%,开放申购,开放赎回
2018-09-19,1.0570,1.1570,0.38%,开放申购,开放赎回
2018-09-20,1.0560,1.1560,-0.09%,开放申购,开放赎回
2018-09-21,1.0590,1.1590,0.28%,开放申购,开放赎回
2018-09-25,1.0570,1.1570,-0.19%,开放申购,开放赎回
2018-09-26,1.0590,1.1590,0.19%,开放申购,开放赎回
2018-09-27,1.0550,1.1550,-0.38%,开放申购,开放赎回
2018-09-28,1.0590,1.1590,0.38%,开放申购,开放赎回
2018-10-08,1.0380,1.1380,-1.98%,开放申购,开放赎回
2018-10-09,1.0350,1.1350,-0.29%,开放申购,开放赎回
2018-10-10,1.0310,1.1310,-0.39%,开放申购,开放赎回
2018-10-11,1.0030,1.1030,-2.72%,开放申购,开放赎回
2018-10-12,1.0160,1.1160,1.30%,开放申购,开放赎回
2018-10-15,1.0120,1.1120,-0.39%,开放申购,开放赎回
2018-10-16,1.0000,1.1000,-1.19%,开放申购,开放赎回
2018-10-17,1.0000,1.1000,0.00%,开放申购,开放赎回
2018-10-18,0.9880,1.0880,-1.20%,开放申购,开放赎回
2018-10-19,1.0070,1.1070,1.92%,开放申购,开放赎回
2018-10-22,1.0390,1.1390,3.18%,开放申购,开放赎回
2018-10-23,1.0140,1.1140,-2.41%,开放申购,开放赎回
2018-10-24,1.0020,1.1020,-1.18%,开放申购,开放赎回
2018-10-25,1.0100,1.1100,0.80%,开放申购,开放赎回
2018-10-26,0.9980,1.0980,-1.19%,开放申购,开放赎回
2018-10-29,0.9800,1.0800,-1.80%,开放申购,开放赎回
2018-10-30,0.9990,1.0990,1.94%,开放申购,开放赎回
2018-10-31,1.0090,1.1090,1.00%,开放申购,开放赎回
2018-11-01,1.0210,1.1210,1.19%,开放申购,开放赎回
2018-11-02,1.0540,1.1540,3.23%,开放申购,开放赎回
2018-11-05,1.0480,1.1480,-0.57%,开放申购,开放赎回
2018-11-06,1.0520,1.1520,0.38%,开放申购,开放赎回
2018-11-07,1.0470,1.1470,-0.48%,开放申购,开放赎回
2018-11-08,1.0410,1.1410,-0.57%,开放申购,开放赎回
2018-11-09,1.0320,1.1320,-0.86%,开放申购,开放赎回
2018-11-12,1.0500,1.1500,1.74%,开放申购,开放赎回
2018-11-13,1.0650,1.1650,1.43%,开放申购,开放赎回
2018-11-14,1.0590,1.1590,-0.56%,开放申购,开放赎回
2018-11-15,1.0720,1.1720,1.23%,开放申购,开放赎回
2018-11-16,1.0830,1.1830,1.03%,开放申购,开放赎回
2018-11-19,1.0920,1.1920,0.83%,开放申购,开放赎回
2018-11-20,1.0560,1.1560,-3.30%,开放申购,开放赎回
2018-11-21,1.0690,1.1690,1.23%,开放申购,开放赎回
2018-11-22,1.0620,1.1620,-0.65%,开放申购,开放赎回
2018-11-23,1.0380,1.1380,-2.26%,开放申购,开放赎回
2018-11-26,1.0340,1.1340,-0.39%,开放申购,开放赎回
2018-11-27,1.0390,1.1390,0.48%,开放申购,开放赎回
2018-11-28,1.0680,1.1680,2.79%,开放申购,开放赎回
2018-11-29,1.0450,1.1450,-2.15%,开放申购,开放赎回
2018-11-30,1.0560,1.1560,1.05%,开放申购,开放赎回
2018-12-03,1.0800,1.1800,2.27%,开放申购,开放赎回
2018-12-04,1.0790,1.1790,-0.09%,开放申购,开放赎回
2018-12-05,1.0830,1.1830,0.37%,开放申购,开放赎回
2018-12-06,1.0620,1.1620,-1.94%,开放申购,开放赎回
2018-12-07,1.0650,1.1650,0.28%,开放申购,开放赎回
2018-12-10,1.0630,1.1630,-0.19%,开放申购,开放赎回
2018-12-11,1.0780,1.1780,1.41%,开放申购,开放赎回
2018-12-12,1.0750,1.1750,-0.28%,开放申购,开放赎回
2018-12-13,1.0850,1.1850,0.93%,开放申购,开放赎回
2018-12-14,1.0690,1.1690,-1.47%,开放申购,开放赎回
2018-12-17,1.0620,1.1620,-0.65%,开放申购,开放赎回
2018-12-18,1.0490,1.1490,-1.22%,开放申购,开放赎回
2018-12-19,1.0270,1.1270,-2.10%,开放申购,开放赎回
2018-12-20,1.0310,1.1310,0.39%,开放申购,开放赎回
2018-12-21,1.0230,1.1230,-0.78%,开放申购,开放赎回
2018-12-24,1.0260,1.1260,0.29%,开放申购,开放赎回
2018-12-25,1.0170,1.1170,-0.88%,开放申购,开放赎回
2018-12-26,1.0160,1.1160,-0.10%,开放申购,开放赎回
2018-12-27,1.0150,1.1150,-0.10%,开放申购,开放赎回
2018-12-28,1.0190,1.1190,0.39%,开放申购,开放赎回
2018-12-31,1.0190,1.1190,0%,开放申购,开放赎回
2019-01-02,1.0190,1.1190,0.00%,开放申购,开放赎回
2019-01-03,1.0150,1.1150,-0.39%,开放申购,开放赎回
2019-01-04,1.0500,1.1500,3.45%,开放申购,开放赎回
2019-01-07,1.0660,1.1660,1.52%,开放申购,开放赎回
2019-01-08,1.0620,1.1620,-0.38%,开放申购,开放赎回
2019-01-09,1.0630,1.1630,0.09%,开放申购,开放赎回
2019-01-10,1.0570,1.1570,-0.56%,开放申购,开放赎回
2019-01-11,1.0670,1.1670,0.95%,开放申购,开放赎回
2019-01-14,1.0650,1.1650,-0.19%,开放申购,开放赎回
2019-01-15,1.0760,1.1760,1.03%,开放申购,开放赎回
2019-01-16,1.0740,1.1740,-0.19%,开放申购,开放赎回
2019-01-17,1.0680,1.1680,-0.56%,开放申购,开放赎回
2019-01-18,1.0880,1.1880,1.87%,开放申购,开放赎回
2019-01-21,1.0800,1.1800,-0.74%,开放申购,开放赎回
2019-01-22,1.0730,1.1730,-0.65%,开放申购,开放赎回
2019-01-23,1.0810,1.1810,0.75%,开放申购,开放赎回
2019-01-24,1.0910,1.1910,0.93%,开放申购,开放赎回
2019-01-25,1.0980,1.1980,0.64%,开放申购,开放赎回
2019-01-28,1.0960,1.1960,-0.18%,开放申购,开放赎回
2019-01-29,1.0960,1.1960,0.00%,开放申购,开放赎回
2019-01-30,1.0870,1.1870,-0.82%,开放申购,开放赎回
2019-01-31,1.0980,1.1980,1.01%,开放申购,开放赎回
2019-02-01,1.1140,1.2140,1.46%,开放申购,开放赎回
2019-02-11,1.1460,1.2460,2.87%,开放申购,开放赎回
2019-02-12,1.1660,1.2660,1.75%,开放申购,开放赎回
2019-02-13,1.1870,1.2870,1.80%,开放申购,开放赎回
2019-02-14,1.1800,1.2800,-0.59%,开放申购,开放赎回
2019-02-15,1.1700,1.2700,-0.85%,开放申购,开放赎回
2019-02-18,1.2130,1.3130,3.68%,开放申购,开放赎回
2019-02-19,1.2070,1.3070,-0.49%,开放申购,开放赎回
2019-02-20,1.2240,1.3240,1.41%,开放申购,开放赎回
2019-02-21,1.2510,1.3510,2.21%,开放申购,开放赎回
2019-02-22,1.3000,1.4000,3.92%,开放申购,开放赎回
2019-02-25,1.3650,1.4650,5.00%,开放申购,开放赎回
2019-02-26,1.3860,1.4860,1.54%,开放申购,开放赎回
2019-02-27,1.3690,1.4690,-1.23%,开放申购,开放赎回
2019-02-28,1.3590,1.4590,-0.73%,开放申购,开放赎回
2019-03-01,1.3960,1.4960,2.72%,开放申购,开放赎回
2019-03-04,1.4400,1.5400,3.15%,开放申购,开放赎回
2019-03-05,1.4630,1.5630,1.60%,开放申购,开放赎回
2019-03-06,1.4990,1.5990,2.46%,开放申购,开放赎回
2019-03-07,1.5000,1.6000,0.07%,开放申购,开放赎回
2019-03-08,1.4670,1.5670,-2.20%,开放申购,开放赎回
2019-03-11,1.5060,1.6060,2.66%,开放申购,开放赎回
2019-03-12,1.5430,1.6430,2.46%,开放申购,开放赎回
2019-03-13,1.5050,1.6050,-2.46%,开放申购,开放赎回
2019-03-14,1.4740,1.5740,-2.06%,开放申购,开放赎回
2019-03-15,1.4910,1.5910,1.15%,开放申购,开放赎回
2019-03-18,1.5370,1.6370,3.09%,开放申购,开放赎回
2019-03-19,1.5430,1.6430,0.39%,开放申购,开放赎回
2019-03-20,1.5400,1.6400,-0.19%,开放申购,开放赎回
2019-03-21,1.5530,1.6530,0.84%,开放申购,开放赎回
2019-03-22,1.5510,1.6510,-0.13%,开放申购,开放赎回
2019-03-25,1.5180,1.6180,-2.13%,开放申购,开放赎回
2019-03-26,1.4930,1.5930,-1.65%,开放申购,开放赎回
2019-03-27,1.4990,1.5990,0.40%,开放申购,开放赎回
2019-03-28,1.4900,1.5900,-0.60%,开放申购,开放赎回
2019-03-29,1.5460,1.6460,3.76%,开放申购,开放赎回
2019-04-01,1.5930,1.6930,3.04%,开放申购,开放赎回
2019-04-02,1.5750,1.6750,-1.13%,开放申购,开放赎回
2019-04-03,1.6030,1.7030,1.78%,开放申购,开放赎回
2019-04-04,1.6050,1.7050,0.12%,开放申购,开放赎回
2019-04-08,1.5800,1.6800,-1.56%,开放申购,开放赎回
2019-04-09,1.5950,1.6950,0.95%,开放申购,开放赎回
2019-04-10,1.5950,1.6950,0.00%,开放申购,开放赎回
2019-04-11,1.5710,1.6710,-1.50%,开放申购,开放赎回
2019-04-12,1.5610,1.6610,-0.64%,开放申购,开放赎回
2019-04-15,1.5370,1.6370,-1.54%,开放申购,开放赎回
2019-04-16,1.5570,1.6570,1.30%,开放申购,开放赎回
2019-04-17,1.5700,1.6700,0.83%,开放申购,开放赎回
2019-04-18,1.5650,1.6650,-0.32%,开放申购,开放赎回
2019-04-19,1.5830,1.6830,1.15%,开放申购,开放赎回
2019-04-22,1.5420,1.6420,-2.59%,开放申购,开放赎回
2019-04-23,1.5330,1.6330,-0.58%,开放申购,开放赎回
2019-04-24,1.5410,1.6410,0.52%,开放申购,开放赎回
2019-04-25,1.5170,1.6170,-1.56%,开放申购,开放赎回
2019-04-26,1.5110,1.6110,-0.40%,开放申购,开放赎回
2019-04-29,1.5100,1.6100,-0.07%,开放申购,开放赎回
2019-04-30,1.5120,1.6120,0.13%,开放申购,开放赎回
2019-05-06,1.4590,1.5590,-3.51%,开放申购,开放赎回
2019-05-07,1.4700,1.5700,0.75%,开放申购,开放赎回
2019-05-08,1.4640,1.5640,-0.41%,开放申购,开放赎回
2019-05-09,1.4490,1.5490,-1.02%,开放申购,开放赎回
2019-05-10,1.4780,1.5780,2.00%,开放申购,开放赎回
2019-05-13,1.4650,1.5650,-0.88%,开放申购,开放赎回
2019-05-14,1.4630,1.5630,-0.14%,开放申购,开放赎回
2019-05-15,1.4710,1.5710,0.55%,开放申购,开放赎回
2019-05-16,1.4730,1.5730,0.14%,开放申购,开放赎回
2019-05-17,1.4510,1.5510,-1.49%,开放申购,开放赎回
2019-05-20,1.4360,1.5360,-1.03%,开放申购,开放赎回
2019-05-21,1.4460,1.5460,0.70%,开放申购,开放赎回
2019-05-22,1.4430,1.5430,-0.21%,开放申购,开放赎回
2019-05-23,1.4270,1.5270,-1.11%,开放申购,开放赎回
2019-05-24,1.4300,1.5300,0.21%,开放申购,开放赎回
2019-05-27,1.4350,1.5350,0.35%,开放申购,开放赎回
2019-05-28,1.4400,1.5400,0.35%,限制大额申购,开放赎回
2019-05-29,1.4370,1.5370,-0.21%,限制大额申购,开放赎回
2019-05-30,1.4320,1.5320,-0.35%,限制大额申购,开放赎回
2019-05-31,1.4340,1.5340,0.14%,限制大额申购,开放赎回
2019-06-03,1.4320,1.5320,-0.14%,限制大额申购,开放赎回
2019-06-04,1.4290,1.5290,-0.21%,限制大额申购,开放赎回
2019-06-05,1.4310,1.5310,0.14%,限制大额申购,开放赎回
2019-06-06,1.4270,1.5270,-0.28%,限制大额申购,开放赎回
2019-06-10,1.4330,1.5330,0.42%,限制大额申购,开放赎回
2019-06-11,1.4450,1.5450,0.84%,限制大额申购,开放赎回
2019-06-12,1.4430,1.5430,-0.14%,限制大额申购,开放赎回
2019-06-13,1.4410,1.5410,-0.14%,限制大额申购,开放赎回
2019-06-14,1.4380,1.5380,-0.21%,限制大额申购,开放赎回
2019-06-17,1.4350,1.5350,-0.21%,限制大额申购,开放赎回
2019-06-18,1.4370,1.5370,0.14%,限制大额申购,开放赎回
2019-06-19,1.4430,1.5430,0.42%,限制大额申购,开放赎回
2019-06-20,1.4560,1.5560,0.90%,限制大额申购,开放赎回
2019-06-21,1.4620,1.5620,0.41%,限制大额申购,开放赎回
2019-06-24,1.4660,1.5660,0.27%,限制大额申购,开放赎回
2019-06-25,1.4690,1.5690,0.20%,限制大额申购,开放赎回
2019-06-26,1.2570,1.5570,-0.82%,限制大额申购,开放赎回
2019-06-27,1.2640,1.5640,0.56%,限制大额申购,开放赎回
2019-06-28,1.2630,1.5630,-0.08%,开放申购,开放赎回
2019-06-30,1.2630,1.5630,0%,开放申购,开放赎回
2019-07-01,1.2850,1.5850,1.74%,开放申购,开放赎回
2019-07-02,1.2910,1.5910,0.47%,开放申购,开放赎回
2019-07-03,1.2930,1.5930,0.15%,开放申购,开放赎回
2019-07-04,1.2900,1.5900,-0.23%,开放申购,开放赎回
2019-07-05,1.2970,1.5970,0.54%,开放申购,开放赎回
2019-07-08,1.2790,1.5790,-1.39%,开放申购,开放赎回
2019-07-09,1.2770,1.5770,-0.16%,开放申购,开放赎回
2019-07-10,1.2710,1.5710,-0.47%,开放申购,开放赎回
2019-07-11,1.2780,1.5780,0.55%,开放申购,开放赎回
2019-07-12,1.2790,1.5790,0.08%,开放申购,开放赎回
2019-07-15,1.2790,1.5790,0.00%,开放申购,开放赎回
2019-07-16,1.2780,1.5780,-0.08%,开放申购,开放赎回
2019-07-17,1.2740,1.5740,-0.31%,开放申购,开放赎回
2019-07-18,1.2700,1.5700,-0.31%,开放申购,开放赎回
2019-07-19,1.2830,1.5830,1.02%,开放申购,开放赎回
2019-07-22,1.2800,1.5800,-0.23%,开放申购,开放赎回
2019-07-23,1.2850,1.5850,0.39%,开放申购,开放赎回
2019-07-24,1.2860,1.5860,0.08%,开放申购,开放赎回
2019-07-25,1.2870,1.5870,0.08%,开放申购,开放赎回
2019-07-26,1.2860,1.5860,-0.08%,开放申购,开放赎回
2019-07-29,1.2840,1.5840,-0.16%,开放申购,开放赎回
2019-07-30,1.2960,1.5960,0.93%,开放申购,开放赎回
2019-07-31,1.2900,1.5900,-0.46%,开放申购,开放赎回
2019-08-01,1.2750,1.5750,-1.16%,开放申购,开放赎回
2019-08-02,1.2700,1.5700,-0.39%,开放申购,开放赎回
2019-08-05,1.2730,1.5730,0.24%,开放申购,开放赎回
2019-08-06,1.2690,1.5690,-0.31%,开放申购,开放赎回
2019-08-07,1.2740,1.5740,0.39%,开放申购,开放赎回
2019-08-08,1.2810,1.5810,0.55%,开放申购,开放赎回
2019-08-09,1.2720,1.5720,-0.70%,开放申购,开放赎回
2019-08-12,1.2820,1.5820,0.79%,开放申购,开放赎回
2019-08-13,1.2880,1.5880,0.47%,开放申购,开放赎回
2019-08-14,1.2890,1.5890,0.08%,开放申购,开放赎回
2019-08-15,1.2980,1.5980,0.70%,开放申购,开放赎回
2019-08-16,1.3000,1.6000,0.15%,开放申购,开放赎回
2019-08-19,1.3180,1.6180,1.38%,开放申购,开放赎回
2019-08-20,1.3190,1.6190,0.08%,开放申购,开放赎回
2019-08-21,1.3220,1.6220,0.23%,开放申购,开放赎回
2019-08-22,1.3200,1.6200,-0.15%,开放申购,开放赎回
2019-08-23,1.3180,1.6180,-0.15%,开放申购,开放赎回
2019-08-26,1.3050,1.6050,-0.99%,开放申购,开放赎回
2019-08-27,1.3190,1.6190,1.07%,开放申购,开放赎回
2019-08-28,1.3130,1.6130,-0.45%,开放申购,开放赎回
2019-08-29,1.3060,1.6060,-0.53%,开放申购,开放赎回
2019-08-30,1.3050,1.6050,-0.08%,开放申购,开放赎回
2019-09-02,1.3210,1.6210,1.23%,开放申购,开放赎回
2019-09-03,1.3240,1.6240,0.23%,开放申购,开放赎回
2019-09-04,1.3380,1.6380,1.06%,开放申购,开放赎回
2019-09-05,1.3410,1.6410,0.22%,开放申购,开放赎回
2019-09-06,1.3430,1.6430,0.15%,开放申购,开放赎回
2019-09-09,1.3630,1.6630,1.49%,开放申购,开放赎回
2019-09-10,1.3560,1.6560,-0.51%,开放申购,开放赎回
2019-09-11,1.3500,1.6500,-0.44%,开放申购,开放赎回
2019-09-12,1.3540,1.6540,0.30%,开放申购,开放赎回
2019-09-16,1.3520,1.6520,-0.15%,开放申购,开放赎回
2019-09-17,1.3330,1.6330,-1.41%,开放申购,开放赎回
2019-09-18,1.3420,1.6420,0.68%,开放申购,开放赎回
2019-09-19,1.3470,1.6470,0.37%,开放申购,开放赎回
2019-09-20,1.3480,1.6480,0.07%,开放申购,开放赎回
2019-09-23,1.3340,1.6340,-1.04%,开放申购,开放赎回
2019-09-24,1.3400,1.6400,0.45%,开放申购,开放赎回
2019-09-25,1.3310,1.6310,-0.67%,开放申购,开放赎回
2019-09-26,1.3120,1.6120,-1.43%,开放申购,开放赎回
2019-09-27,1.3140,1.6140,0.15%,开放申购,开放赎回
2019-09-30,1.3100,1.6100,-0.30%,开放申购,开放赎回
2019-10-08,1.3090,1.6090,-0.08%,开放申购,开放赎回
2019-10-09,1.3170,1.6170,0.61%,开放申购,开放赎回
2019-10-10,1.3270,1.6270,0.76%,开放申购,开放赎回
2019-10-11,1.3340,1.6340,0.53%,开放申购,开放赎回
2019-10-14,1.3430,1.6430,0.67%,开放申购,开放赎回
2019-10-15,1.3370,1.6370,-0.45%,开放申购,开放赎回
2019-10-16,1.3390,1.6390,0.15%,开放申购,开放赎回
2019-10-17,1.3380,1.6380,-0.07%,开放申购,开放赎回
2019-10-18,1.3290,1.6290,-0.67%,开放申购,开放赎回
2019-10-21,1.3310,1.6310,0.15%,开放申购,开放赎回
2019-10-22,1.3400,1.6400,0.68%,开放申购,开放赎回
2019-10-23,1.3220,1.6220,-1.34%,开放申购,开放赎回
2019-10-24,1.3200,1.6200,-0.15%,开放申购,开放赎回
2019-10-25,1.3190,1.6190,-0.08%,开放申购,开放赎回
2019-10-28,1.3280,1.6280,0.68%,开放申购,开放赎回
2019-10-29,1.3230,1.6230,-0.38%,开放申购,开放赎回
2019-10-30,1.3140,1.6140,-0.68%,限制大额申购,开放赎回
2019-10-31,1.3130,1.6130,-0.08%,限制大额申购,开放赎回
2019-11-01,1.3300,1.6300,1.29%,限制大额申购,开放赎回
2019-11-04,1.3370,1.6370,0.53%,限制大额申购,开放赎回
2019-11-05,1.3440,1.6440,0.52%,限制大额申购,开放赎回
2019-11-06,1.3350,1.6350,-0.67%,限制大额申购,开放赎回
2019-11-07,1.3460,1.6460,0.82%,限制大额申购,开放赎回
2019-11-08,1.3450,1.6450,-0.07%,限制大额申购,开放赎回
2019-11-11,1.3250,1.6250,-1.49%,限制大额申购,开放赎回
2019-11-12,1.3180,1.6180,-0.53%,限制大额申购,开放赎回
2019-11-13,1.3140,1.6140,-0.30%,限制大额申购,开放赎回
2019-11-14,1.3200,1.6200,0.46%,限制大额申购,开放赎回
2019-11-15,1.3160,1.6160,-0.30%,限制大额申购,开放赎回
2019-11-18,1.3240,1.6240,0.61%,限制大额申购,开放赎回
2019-11-19,1.3550,1.6550,2.34%,限制大额申购,开放赎回
2019-11-20,1.3520,1.6520,-0.22%,限制大额申购,开放赎回
2019-11-21,1.3440,1.6440,-0.59%,限制大额申购,开放赎回
2019-11-22,1.3360,1.6360,-0.60%,限制大额申购,开放赎回
2019-11-25,1.3440,1.6440,0.60%,限制大额申购,开放赎回
2019-11-26,1.3500,1.6500,0.45%,限制大额申购,开放赎回
2019-11-27,1.2810,1.6410,-0.67%,限制大额申购,开放赎回
2019-11-28,1.2760,1.6360,-0.39%,限制大额申购,开放赎回
2019-11-29,1.2690,1.6290,-0.55%,限制大额申购,开放赎回
2019-12-02,1.2720,1.6320,0.24%,开放申购,开放赎回
2019-12-03,1.2790,1.6390,0.55%,开放申购,开放赎回
2019-12-04,1.2800,1.6400,0.08%,开放申购,开放赎回
2019-12-05,1.2920,1.6520,0.94%,开放申购,开放赎回
2019-12-06,1.3040,1.6640,0.93%,开放申购,开放赎回
2019-12-09,1.3130,1.6730,0.69%,开放申购,开放赎回
2019-12-10,1.3180,1.6780,0.38%,开放申购,开放赎回
2019-12-11,1.3170,1.6770,-0.08%,开放申购,开放赎回
2019-12-12,1.3140,1.6740,-0.23%,开放申购,开放赎回
2019-12-13,1.3320,1.6920,1.37%,开放申购,开放赎回
2019-12-16,1.3510,1.7110,1.43%,开放申购,开放赎回
2019-12-17,1.3590,1.7190,0.59%,开放申购,开放赎回
2019-12-18,1.3620,1.7220,0.22%,开放申购,开放赎回
2019-12-19,1.3630,1.7230,0.07%,开放申购,开放赎回
2019-12-20,1.3610,1.7210,-0.15%,开放申购,开放赎回
2019-12-23,1.3480,1.7080,-0.96%,开放申购,开放赎回
2019-12-24,1.3640,1.7240,1.19%,开放申购,开放赎回
2019-12-25,1.3720,1.7320,0.59%,开放申购,开放赎回
2019-12-26,1.3820,1.7420,0.73%,开放申购,开放赎回
2019-12-27,1.3760,1.7360,-0.43%,开放申购,开放赎回
2019-12-30,1.3910,1.7510,1.09%,开放申购,开放赎回
2019-12-31,1.3920,1.7520,0.07%,开放申购,开放赎回
2020-01-02,1.4220,1.7820,2.16%,开放申购,开放赎回
2020-01-03,1.4230,1.7830,0.07%,开放申购,开放赎回
2020-01-06,1.4270,1.7870,0.28%,开放申购,开放赎回
2020-01-07,1.4490,1.8090,1.54%,开放申购,开放赎回
2020-01-08,1.4390,1.7990,-0.69%,开放申购,开放赎回
2020-01-09,1.4580,1.8180,1.32%,开放申购,开放赎回
2020-01-10,1.4550,1.8150,-0.21%,开放申购,开放赎回
2020-01-13,1.4700,1.8300,1.03%,开放申购,开放赎回
2020-01-14,1.4600,1.8200,-0.68%,开放申购,开放赎回
2020-01-15,1.4500,1.8100,-0.68%,开放申购,开放赎回
2020-01-16,1.4470,1.8070,-0.21%,开放申购,开放赎回
2020-01-17,1.4470,1.8070,0.00%,开放申购,开放赎回
2020-01-20,1.4490,1.8090,0.14%,开放申购,开放赎回
2020-01-21,1.4300,1.7900,-1.31%,开放申购,开放赎回
2020-01-22,1.4480,1.8080,1.26%,开放申购,开放赎回
2020-01-23,1.4090,1.7690,-2.69%,开放申购,开放赎回
2020-02-03,1.3220,1.6820,-6.17%,开放申购,开放赎回
2020-02-04,1.3700,1.7300,3.63%,开放申购,开放赎回
2020-02-05,1.4040,1.7640,2.48%,开放申购,开放赎回
2020-02-06,1.4400,1.8000,2.56%,开放申购,开放赎回
2020-02-07,1.4470,1.8070,0.49%,开放申购,开放赎回
2020-02-10,1.4510,1.8110,0.28%,开放申购,开放赎回
2020-02-11,1.4480,1.8080,-0.21%,开放申购,开放赎回
2020-02-12,1.4590,1.8190,0.76%,开放申购,开放赎回
2020-02-13,1.4450,1.8050,-0.96%,开放申购,开放赎回
2020-02-14,1.4470,1.8070,0.14%,开放申购,开放赎回
2020-02-17,1.4700,1.8300,1.59%,开放申购,开放赎回
2020-02-18,1.4750,1.8350,0.34%,开放申购,开放赎回
2020-02-19,1.4520,1.8120,-1.56%,开放申购,开放赎回
2020-02-20,1.4710,1.8310,1.31%,开放申购,开放赎回
2020-02-21,1.4890,1.8490,1.22%,开放申购,开放赎回
2020-02-24,1.4910,1.8510,0.13%,开放申购,开放赎回
2020-02-25,1.4840,1.8440,-0.47%,开放申购,开放赎回
2020-02-26,1.4530,1.8130,-2.09%,开放申购,开放赎回
2020-02-27,1.4630,1.8230,0.69%,开放申购,开放赎回
2020-02-28,1.4220,1.7820,-2.80%,开放申购,开放赎回
2020-03-02,1.4460,1.8060,1.69%,开放申购,开放赎回
2020-03-03,1.4530,1.8130,0.48%,开放申购,开放赎回
2020-03-04,1.4430,1.8030,-0.69%,开放申购,开放赎回
2020-03-05,1.4600,1.8200,1.18%,开放申购,开放赎回
2020-03-06,1.4530,1.8130,-0.48%,开放申购,开放赎回
2020-03-09,1.4050,1.7650,-3.30%,开放申购,开放赎回
2020-03-10,1.4290,1.7890,1.71%,开放申购,开放赎回
2020-03-11,1.4140,1.7740,-1.05%,开放申购,开放赎回
2020-03-12,1.3960,1.7560,-1.27%,开放申购,开放赎回
2020-03-13,1.3850,1.7450,-0.79%,开放申购,开放赎回
2020-03-16,1.3430,1.7030,-3.03%,开放申购,开放赎回
2020-03-17,1.3400,1.7000,-0.22%,开放申购,开放赎回
2020-03-18,1.3310,1.6910,-0.67%,开放申购,开放赎回
2020-03-19,1.3280,1.6880,-0.23%,开放申购,开放赎回
2020-03-20,1.3390,1.6990,0.83%,开放申购,开放赎回
2020-03-23,1.3020,1.6620,-2.76%,开放申购,开放赎回
2020-03-24,1.3170,1.6770,1.15%,开放申购,开放赎回
2020-03-25,1.3430,1.7030,1.97%,开放申购,开放赎回
2020-03-26,1.3340,1.6940,-0.67%,开放申购,开放赎回
2020-03-27,1.3310,1.6910,-0.22%,开放申购,开放赎回
2020-03-30,1.3270,1.6870,-0.30%,开放申购,开放赎回
2020-03-31,1.3270,1.6870,0.00%,开放申购,开放赎回
2020-04-01,1.3230,1.6830,-0.30%,开放申购,开放赎回
2020-04-02,1.3360,1.6960,0.98%,开放申购,开放赎回
2020-04-03,1.3310,1.6910,-0.37%,开放申购,开放赎回
2020-04-07,1.3450,1.7050,1.05%,开放申购,开放赎回
2020-04-08,1.3420,1.7020,-0.22%,开放申购,开放赎回
2020-04-09,1.3430,1.7030,0.07%,开放申购,开放赎回
2020-04-10,1.3330,1.6930,-0.74%,开放申购,开放赎回
2020-04-13,1.3300,1.6900,-0.23%,开放申购,开放赎回
2020-04-14,1.3460,1.7060,1.20%,开放申购,开放赎回
2020-04-15,1.3420,1.7020,-0.30%,开放申购,开放赎回
2020-04-16,1.3470,1.7070,0.37%,开放申购,开放赎回
2020-04-17,1.3440,1.7040,-0.22%,开放申购,开放赎回
2020-04-20,1.3420,1.7020,-0.15%,开放申购,开放赎回
2020-04-21,1.3360,1.6960,-0.45%,开放申购,开放赎回
2020-04-22,1.3390,1.6990,0.22%,开放申购,开放赎回
2020-04-23,1.3360,1.6960,-0.22%,开放申购,开放赎回
2020-04-24,1.3330,1.6930,-0.22%,开放申购,开放赎回
2020-04-27,1.3340,1.6940,0.08%,开放申购,开放赎回
2020-04-28,1.3350,1.6950,0.08%,开放申购,开放赎回
2020-04-29,1.3380,1.6980,0.22%,开放申购,开放赎回
2020-04-30,1.3460,1.7060,0.60%,开放申购,开放赎回
2020-05-06,1.3490,1.7090,0.22%,开放申购,开放赎回
2020-05-07,1.3470,1.7070,-0.15%,开放申购,开放赎回
2020-05-08,1.3550,1.7150,0.59%,开放申购,开放赎回
2020-05-11,1.3580,1.7180,0.22%,开放申购,开放赎回
2020-05-12,1.3590,1.7190,0.07%,开放申购,开放赎回
2020-05-13,1.3570,1.7170,-0.15%,开放申购,开放赎回
2020-05-14,1.3570,1.7170,0.00%,开放申购,开放赎回
2020-05-15,1.3520,1.7120,-0.37%,开放申购,开放赎回
2020-05-18,1.3510,1.7110,-0.07%,开放申购,开放赎回
2020-05-19,1.3530,1.7130,0.15%,开放申购,开放赎回
2020-05-20,1.3490,1.7090,-0.30%,开放申购,开放赎回
2020-05-21,1.3440,1.7040,-0.37%,开放申购,开放赎回
2020-05-22,1.3390,1.6990,-0.37%,开放申购,开放赎回
2020-05-25,1.3440,1.7040,0.37%,开放申购,开放赎回
2020-05-26,1.3510,1.7110,0.52%,开放申购,开放赎回
2020-05-27,1.3500,1.7100,-0.07%,开放申购,开放赎回
2020-05-28,1.3520,1.7120,0.15%,开放申购,开放赎回
2020-05-29,1.3570,1.7170,0.37%,开放申购,开放赎回
2020-06-01,1.3690,1.7290,0.88%,开放申购,开放赎回
2020-06-02,1.3730,1.7330,0.29%,开放申购,开放赎回
2020-06-03,1.3740,1.7340,0.07%,开放申购,开放赎回
2020-06-04,1.3700,1.7300,-0.29%,开放申购,开放赎回
2020-06-05,1.3720,1.7320,0.15%,开放申购,开放赎回
2020-06-08,1.3760,1.7360,0.29%,开放申购,开放赎回
2020-06-09,1.3850,1.7450,0.65%,开放申购,开放赎回
2020-06-10,1.3810,1.7410,-0.29%,开放申购,开放赎回
2020-06-11,1.3810,1.7410,0.00%,开放申购,开放赎回
2020-06-12,1.3850,1.7450,0.29%,开放申购,开放赎回
2020-06-15,1.3810,1.7410,-0.29%,开放申购,开放赎回
2020-06-16,1.3900,1.7500,0.65%,开放申购,开放赎回
2020-06-17,1.3930,1.7530,0.22%,开放申购,开放赎回
2020-06-18,1.3900,1.7500,-0.22%,开放申购,开放赎回
2020-06-19,1.3960,1.7560,0.43%,开放申购,开放赎回
2020-06-22,1.3960,1.7560,0.00%,开放申购,开放赎回
2020-06-23,1.4070,1.7670,0.79%,开放申购,开放赎回
2020-06-24,1.4160,1.7760,0.64%,开放申购,开放赎回
2020-06-29,1.4070,1.7670,-0.64%,开放申购,开放赎回
2020-06-30,1.4110,1.7710,0.28%,开放申购,开放赎回
2020-07-01,1.4150,1.7750,0.28%,开放申购,开放赎回
2020-07-02,1.4250,1.7850,0.71%,开放申购,开放赎回
2020-07-03,1.4270,1.7870,0.14%,开放申购,开放赎回
2020-07-06,1.4510,1.8110,1.68%,开放申购,开放赎回
2020-07-07,1.4620,1.8220,0.76%,开放申购,开放赎回
2020-07-08,1.4710,1.8310,0.62%,开放申购,开放赎回
2020-07-09,1.4880,1.8480,1.16%,开放申购,开放赎回
2020-07-10,1.4780,1.8380,-0.67%,开放申购,开放赎回
2020-07-13,1.5030,1.8630,1.69%,开放申购,开放赎回
2020-07-14,1.5020,1.8620,-0.07%,开放申购,开放赎回
2020-07-15,1.4920,1.8520,-0.67%,开放申购,开放赎回
2020-07-16,1.4920,1.8520,0.00%,开放申购,开放赎回
2020-07-17,1.5060,1.8660,0.94%,开放申购,开放赎回
2020-07-20,1.5180,1.8780,0.80%,开放申购,开放赎回
2020-07-21,1.5260,1.8860,0.53%,开放申购,开放赎回
2020-07-22,1.5320,1.8920,0.39%,开放申购,开放赎回
2020-07-23,1.5260,1.8860,-0.39%,开放申购,开放赎回
2020-07-24,1.4910,1.8510,-2.29%,开放申购,开放赎回
2020-07-27,1.4930,1.8530,0.13%,开放申购,开放赎回
2020-07-28,1.5030,1.8630,0.67%,开放申购,开放赎回
2020-07-29,1.5280,1.8880,1.66%,开放申购,开放赎回
2020-07-30,1.5260,1.8860,-0.13%,开放申购,开放赎回
2020-07-31,1.5370,1.8970,0.72%,开放申购,开放赎回
2020-08-03,1.5390,1.8990,0.13%,开放申购,开放赎回
2020-08-04,1.5390,1.8990,0.00%,开放申购,开放赎回
2020-08-05,1.5450,1.9050,0.39%,开放申购,开放赎回
2020-08-06,1.5410,1.9010,-0.26%,开放申购,开放赎回
2020-08-07,1.5330,1.8930,-0.52%,开放申购,开放赎回
2020-08-10,1.5390,1.8990,0.39%,开放申购,开放赎回
2020-08-11,1.5310,1.8910,-0.52%,开放申购,开放赎回
2020-08-12,1.5250,1.8850,-0.39%,开放申购,开放赎回
2020-08-13,1.5260,1.8860,0.07%,开放申购,开放赎回
2020-08-14,1.5340,1.8940,0.52%,开放申购,开放赎回
2020-08-17,1.5430,1.9030,0.59%,开放申购,开放赎回
2020-08-18,1.5390,1.8990,-0.26%,开放申购,开放赎回
2020-08-19,1.5360,1.8960,-0.19%,开放申购,开放赎回
2020-08-20,1.5360,1.8960,0.00%,开放申购,开放赎回
2020-08-21,1.5420,1.9020,0.39%,开放申购,开放赎回
2020-08-24,1.5500,1.9100,0.52%,开放申购,开放赎回
2020-08-25,1.5480,1.9080,-0.13%,开放申购,开放赎回
2020-08-26,1.5390,1.8990,-0.58%,开放申购,开放赎回
2020-08-27,1.5460,1.9060,0.45%,开放申购,开放赎回
2020-08-28,1.5570,1.9170,0.71%,开放申购,开放赎回
2020-08-31,1.5580,1.9180,0.06%,开放申购,开放赎回
2020-09-01,1.5660,1.9260,0.51%,开放申购,开放赎回
2020-09-02,1.5690,1.9290,0.19%,开放申购,开放赎回
2020-09-03,1.5680,1.9280,-0.06%,开放申购,开放赎回
2020-09-04,1.5670,1.9270,-0.06%,开放申购,开放赎回
2020-09-07,1.5580,1.9180,-0.57%,开放申购,开放赎回
2020-09-08,1.5600,1.9200,0.13%,开放申购,开放赎回
2020-09-09,1.5430,1.9030,-1.09%,开放申购,开放赎回
2020-09-10,1.5360,1.8960,-0.45%,开放申购,开放赎回
2020-09-11,1.5460,1.9060,0.65%,开放申购,开放赎回
2020-09-14,1.5550,1.9150,0.58%,开放申购,开放赎回
2020-09-15,1.5530,1.9130,-0.13%,开放申购,开放赎回
2020-09-16,1.5510,1.9110,-0.13%,开放申购,开放赎回
2020-09-17,1.5500,1.9100,-0.06%,开放申购,开放赎回
2020-09-18,1.5580,1.9180,0.52%,开放申购,开放赎回
2020-09-21,1.5510,1.9110,-0.45%,开放申购,开放赎回
2020-09-22,1.5440,1.9040,-0.45%,开放申购,开放赎回
2020-09-23,1.5460,1.9060,0.13%,开放申购,开放赎回
2020-09-24,1.5360,1.8960,-0.65%,开放申购,开放赎回
2020-09-25,1.5290,1.8890,-0.46%,开放申购,开放赎回
2020-09-28,1.5290,1.8890,0.00%,开放申购,开放赎回
2020-09-29,1.5330,1.8930,0.26%,开放申购,开放赎回
2020-09-30,1.5300,1.8900,-0.20%,开放申购,开放赎回
2020-10-09,1.5410,1.9010,0.72%,开放申购,开放赎回
2020-10-12,1.5470,1.9070,0.39%,开放申购,开放赎回
2020-10-13,1.5480,1.9080,0.06%,开放申购,开放赎回
2020-10-14,1.5450,1.9050,-0.19%,开放申购,开放赎回
2020-10-15,1.5450,1.9050,0.00%,开放申购,开放赎回
2020-10-16,1.5420,1.9020,-0.19%,开放申购,开放赎回
2020-10-19,1.5350,1.8950,-0.45%,开放申购,开放赎回
2020-10-20,1.5410,1.9010,0.39%,开放申购,开放赎回
2020-10-21,1.5350,1.8950,-0.39%,开放申购,开放赎回
2020-10-22,1.5350,1.8950,0.00%,开放申购,开放赎回
2020-10-23,1.5250,1.8850,-0.65%,开放申购,开放赎回
2020-10-26,1.5270,1.8870,0.13%,开放申购,开放赎回
2020-10-27,1.5290,1.8890,0.13%,开放申购,开放赎回
2020-10-28,1.5330,1.8930,0.26%,开放申购,开放赎回
2020-10-29,1.5360,1.8960,0.20%,开放申购,开放赎回
2020-10-30,1.5380,1.8980,0.13%,开放申购,开放赎回
2020-11-02,1.5400,1.9000,0.13%,开放申购,开放赎回
2020-11-03,1.5470,1.9070,0.45%,开放申购,开放赎回
2020-11-04,1.5490,1.9090,0.13%,开放申购,开放赎回
2020-11-05,1.5590,1.9190,0.65%,开放申购,开放赎回
2020-11-06,1.5660,1.9260,0.45%,开放申购,开放赎回
2020-11-09,1.5760,1.9360,0.64%,开放申购,开放赎回
2020-11-10,1.5730,1.9330,-0.19%,开放申购,开放赎回
2020-11-11,1.5680,1.9280,-0.32%,开放申购,开放赎回
2020-11-12,1.5670,1.9270,-0.06%,开放申购,开放赎回
2020-11-13,1.5660,1.9260,-0.06%,开放申购,开放赎回
2020-11-16,1.5640,1.9240,-0.13%,开放申购,开放赎回
2020-11-17,1.5630,1.9230,-0.06%,开放申购,开放赎回
2020-11-18,1.5580,1.9180,-0.32%,开放申购,开放赎回
2020-11-19,1.5620,1.9220,0.26%,开放申购,开放赎回
2020-11-20,1.5650,1.9250,0.19%,开放申购,开放赎回
2020-11-23,1.5660,1.9260,0.06%,开放申购,开放赎回
2020-11-24,1.5690,1.9290,0.19%,开放申购,开放赎回
2020-11-25,1.5590,1.9190,-0.64%,开放申购,开放赎回
2020-11-26,1.5630,1.9230,0.26%,开放申购,开放赎回
2020-11-27,1.5640,1.9240,0.06%,开放申购,开放赎回
2020-11-30,1.5680,1.9280,0.26%,开放申购,开放赎回
2020-12-01,1.5860,1.9460,1.15%,开放申购,开放赎回
2020-12-02,1.5940,1.9540,0.50%,开放申购,开放赎回
2020-12-03,1.5910,1.9510,-0.19%,开放申购,开放赎回
2020-12-04,1.5950,1.9550,0.25%,开放申购,开放赎回
2020-12-07,1.5970,1.9570,0.13%,开放申购,开放赎回
2020-12-08,1.5900,1.9500,-0.44%,开放申购,开放赎回
2020-12-09,1.5720,1.9320,-1.13%,开放申购,开放赎回
2020-12-10,1.5770,1.9370,0.32%,开放申购,开放赎回
2020-12-11,1.5760,1.9360,-0.06%,开放申购,开放赎回
2020-12-14,1.5800,1.9400,0.25%,开放申购,开放赎回
2020-12-15,1.5760,1.9360,-0.25%,开放申购,开放赎回
2020-12-16,1.5780,1.9380,0.13%,开放申购,开放赎回
2020-12-17,1.5800,1.9400,0.13%,开放申购,开放赎回
2020-12-18,1.5820,1.9420,0.13%,开放申购,开放赎回
2020-12-21,1.5890,1.9490,0.44%,开放申购,开放赎回
2020-12-22,1.5800,1.9400,-0.57%,开放申购,开放赎回
2020-12-23,1.5940,1.9540,0.89%,开放申购,开放赎回
2020-12-24,1.5960,1.9560,0.13%,开放申购,开放赎回
2020-12-25,1.6100,1.9700,0.88%,开放申购,开放赎回
2020-12-28,1.6110,1.9710,0.06%,开放申购,开放赎回
2020-12-29,1.5970,1.9570,-0.87%,开放申购,开放赎回
2020-12-30,1.6030,1.9630,0.38%,开放申购,开放赎回
2020-12-31,1.6080,1.9680,0.31%,开放申购,开放赎回
2021-01-04,1.6150,1.9750,0.44%,开放申购,开放赎回
2021-01-05,1.6170,1.9770,0.12%,开放申购,开放赎回
2021-01-06,1.6220,1.9820,0.31%,开放申购,开放赎回
2021-01-07,1.6230,1.9830,0.06%,开放申购,开放赎回
2021-01-08,1.6190,1.9790,-0.25%,开放申购,开放赎回
2021-01-11,1.6040,1.9640,-0.93%,开放申购,开放赎回
2021-01-12,1.6070,1.9670,0.19%,开放申购,开放赎回
2021-01-13,1.6170,1.9770,0.62%,开放申购,开放赎回
2021-01-14,1.6140,1.9740,-0.19%,开放申购,开放赎回
2021-01-15,1.6120,1.9720,-0.12%,开放申购,开放赎回
2021-01-18,1.6150,1.9750,0.19%,开放申购,开放赎回
2021-01-19,1.6170,1.9770,0.12%,开放申购,开放赎回
2021-01-20,1.6120,1.9720,-0.31%,开放申购,开放赎回
2021-01-21,1.6130,1.9730,0.06%,开放申购,开放赎回
2021-01-22,1.6160,1.9760,0.19%,开放申购,开放赎回
2021-01-25,1.6150,1.9750,-0.06%,开放申购,开放赎回
2021-01-26,1.6160,1.9760,0.06%,开放申购,开放赎回
2021-01-27,1.6210,1.9810,0.31%,开放申购,开放赎回
2021-01-28,1.6150,1.9750,-0.37%,开放申购,开放赎回
2021-01-29,1.6090,1.9690,-0.37%,开放申购,开放赎回
2021-02-01,1.6130,1.9730,0.25%,开放申购,开放赎回
2021-02-02,1.6160,1.9760,0.19%,开放申购,开放赎回
2021-02-03,1.6110,1.9710,-0.31%,开放申购,开放赎回
2021-02-04,1.6030,1.9630,-0.50%,开放申购,开放赎回
2021-02-05,1.5950,1.9550,-0.50%,开放申购,开放赎回
2021-02-08,1.5990,1.9590,0.25%,开放申购,开放赎回
2021-02-09,1.6020,1.9620,0.19%,开放申购,开放赎回
2021-02-10,1.6090,1.9690,0.44%,开放申购,开放赎回
2021-02-18,1.6130,1.9730,0.25%,开放申购,开放赎回
2021-02-19,1.6230,1.9830,0.62%,开放申购,开放赎回
2021-02-22,1.6140,1.9740,-0.55%,开放申购,开放赎回
2021-02-23,1.6100,1.9700,-0.25%,开放申购,开放赎回
2021-02-24,1.6030,1.9630,-0.43%,开放申购,开放赎回
2021-02-25,1.6070,1.9670,0.25%,开放申购,开放赎回
2021-02-26,1.6030,1.9630,-0.25%,开放申购,开放赎回
2021-03-01,1.6080,1.9680,0.31%,开放申购,开放赎回
2021-03-02,1.6170,1.9770,0.56%,开放申购,开放赎回
2021-03-03,1.6220,1.9820,0.31%,开放申购,开放赎回
2021-03-04,1.6210,1.9810,-0.06%,开放申购,开放赎回
2021-03-05,1.6150,1.9750,-0.37%,开放申购,开放赎回
2021-03-08,1.6190,1.9790,0.25%,开放申购,开放赎回
2021-03-09,1.6130,1.9730,-0.37%,开放申购,开放赎回
2021-03-10,1.6170,1.9770,0.25%,开放申购,开放赎回
2021-03-11,1.6310,1.9910,0.87%,开放申购,开放赎回
2021-03-12,1.6660,2.0260,2.15%,开放申购,开放赎回
2021-03-15,1.6570,2.0170,-0.54%,开放申购,开放赎回
2021-03-16,1.6650,2.0250,0.48%,开放申购,开放赎回
2021-03-17,1.6520,2.0120,-0.78%,开放申购,开放赎回
2021-03-18,1.6570,2.0170,0.30%,开放申购,开放赎回
2021-03-19,1.6530,2.0130,-0.24%,开放申购,开放赎回
2021-03-22,1.6730,2.0330,1.21%,开放申购,开放赎回
2021-03-23,1.6580,2.0180,-0.90%,开放申购,开放赎回
2021-03-24,1.6560,2.0160,-0.12%,开放申购,开放赎回
2021-03-25,1.6540,2.0140,-0.12%,开放申购,开放赎回
2021-03-26,1.6600,2.0200,0.36%,开放申购,开放赎回
2021-03-29,1.6670,2.0270,0.42%,开放申购,开放赎回
2021-03-30,1.6660,2.0260,-0.06%,开放申购,开放赎回
2021-03-31,1.6740,2.0340,0.48%,开放申购,开放赎回
2021-04-01,1.6770,2.0370,0.18%,开放申购,开放赎回
2021-04-02,1.6710,2.0310,-0.36%,开放申购,开放赎回
2021-04-06,1.6720,2.0320,0.06%,开放申购,开放赎回
2021-04-07,1.6690,2.0290,-0.18%,开放申购,开放赎回
